fold name	freq	top1	top5	top10	top15	top20
a.265	2	0.0	0.0	0.0	0.0	0.0
d.53	2	0.5	1.0	1.0	1.0	1.0
d.247	1	0.0	1.0	1.0	1.0	1.0
a.209	1	0.0	0.0	0.0	0.0	0.0
d.365	1	1.0	1.0	1.0	1.0	1.0
a.200	1	1.0	1.0	1.0	1.0	1.0
a.202	1	0.0	0.0	0.0	0.0	0.0
a.203	1	0.0	0.0	0.0	0.0	1.0
a.204	12	0.333333333333	0.333333333333	0.5	0.5	0.666666666667
a.205	1	0.0	0.0	1.0	1.0	1.0
a.206	1	0.0	0.0	0.0	1.0	1.0
a.207	2	0.0	0.0	1.0	1.0	1.0
e.59	1	0.0	1.0	1.0	1.0	1.0
a.295	1	0.0	0.0	0.0	0.0	0.0
a.216	3	0.0	0.333333333333	0.666666666667	1.0	1.0
a.49	1	0.0	1.0	1.0	1.0	1.0
a.48	7	0.285714285714	0.714285714286	0.857142857143	0.857142857143	0.857142857143
d.368	1	0.0	0.0	0.0	0.0	1.0
d.369	3	0.666666666667	0.666666666667	0.666666666667	0.666666666667	0.666666666667
a.45	56	0.196428571429	0.553571428571	0.732142857143	0.857142857143	0.875
d.367	4	0.25	0.5	0.5	1.0	1.0
a.47	15	0.333333333333	0.866666666667	1.0	1.0	1.0
a.46	9	0.0	0.0	0.0	0.0	0.0
a.41	3	1.0	1.0	1.0	1.0	1.0
a.40	20	0.45	0.65	0.8	0.8	0.8
a.43	24	0.0	0.166666666667	0.416666666667	0.458333333333	0.625
a.42	6	0.166666666667	0.833333333333	1.0	1.0	1.0
g.29	1	0.0	0.0	0.0	0.0	0.0
g.28	4	1.0	1.0	1.0	1.0	1.0
g.25	1	0.0	0.0	0.0	0.0	1.0
g.24	28	0.0	0.25	0.75	0.785714285714	0.892857142857
g.27	8	0.0	0.0	0.0	0.125	0.125
g.26	1	0.0	0.0	0.0	0.0	0.0
g.21	2	1.0	1.0	1.0	1.0	1.0
g.20	9	0.0	0.333333333333	0.666666666667	0.777777777778	0.777777777778
g.23	3	0.666666666667	1.0	1.0	1.0	1.0
g.22	5	0.0	0.2	0.6	0.8	1.0
d.77	9	0.111111111111	0.333333333333	0.333333333333	0.444444444444	0.555555555556
d.76	7	0.0	0.285714285714	0.428571428571	0.571428571429	0.571428571429
d.75	6	0.333333333333	0.333333333333	0.5	1.0	1.0
d.74	18	0.222222222222	0.777777777778	0.833333333333	0.944444444444	0.944444444444
d.73	12	0.583333333333	0.833333333333	1.0	1.0	1.0
d.72	1	0.0	0.0	0.0	0.0	0.0
d.71	1	0.0	0.0	0.0	0.0	0.0
d.70	2	0.5	0.5	0.5	1.0	1.0
a.275	1	0.0	0.0	1.0	1.0	1.0
a.274	1	0.0	0.0	0.0	0.0	0.0
a.277	2	0.5	0.5	1.0	1.0	1.0
a.276	1	0.0	0.0	0.0	0.0	0.0
a.271	2	0.0	0.0	0.0	0.0	0.0
e.39	3	0.666666666667	1.0	1.0	1.0	1.0
d.79	67	0.238805970149	0.582089552239	0.731343283582	0.776119402985	0.865671641791
d.78	3	0.0	0.0	0.0	0.0	0.0
d.33	5	0.6	0.8	1.0	1.0	1.0
a.97	2	0.0	0.0	0.0	0.0	0.0
a.283	2	0.5	0.5	1.0	1.0	1.0
a.94	1	0.0	0.0	0.0	0.0	0.0
d.108	81	0.185185185185	0.493827160494	0.691358024691	0.802469135802	0.851851851852
d.109	34	0.529411764706	0.764705882353	0.882352941176	0.911764705882	0.970588235294
g.101	5	0.0	0.0	0.0	0.0	0.0
g.100	1	0.0	0.0	0.0	0.0	0.0
f.59	1	0.0	1.0	1.0	1.0	1.0
d.102	2	1.0	1.0	1.0	1.0	1.0
d.103	2	0.5	0.5	1.0	1.0	1.0
d.100	7	0.0	0.0	0.142857142857	0.285714285714	0.285714285714
d.101	16	0.5	0.6875	0.75	0.875	0.875
d.106	9	0.111111111111	0.666666666667	0.666666666667	0.888888888889	0.888888888889
d.107	4	0.0	0.0	0.5	0.5	0.5
d.104	38	0.105263157895	0.315789473684	0.552631578947	0.631578947368	0.763157894737
d.105	3	0.333333333333	0.333333333333	0.333333333333	0.666666666667	0.666666666667
b.5	1	0.0	0.0	1.0	1.0	1.0
d.298	3	0.0	0.333333333333	0.333333333333	0.666666666667	0.666666666667
d.299	1	1.0	1.0	1.0	1.0	1.0
d.35	1	0.0	0.0	0.0	0.0	0.0
d.292	1	0.0	0.0	0.0	0.0	0.0
d.293	1	0.0	0.0	1.0	1.0	1.0
d.290	4	0.5	0.75	1.0	1.0	1.0
d.34	2	0.5	1.0	1.0	1.0	1.0
d.296	2	0.0	0.5	0.5	0.5	0.5
d.297	1	1.0	1.0	1.0	1.0	1.0
d.294	4	0.5	0.5	0.75	0.75	0.75
d.295	1	0.0	0.0	0.0	0.0	0.0
e.12	1	0.0	1.0	1.0	1.0	1.0
e.13	2	0.5	0.5	1.0	1.0	1.0
e.10	4	1.0	1.0	1.0	1.0	1.0
e.11	3	0.666666666667	0.666666666667	0.666666666667	0.666666666667	0.666666666667
d.195	1	0.0	0.0	0.0	0.0	0.0
e.17	4	0.25	0.75	0.75	1.0	1.0
d.197	1	1.0	1.0	1.0	1.0	1.0
d.196	1	1.0	1.0	1.0	1.0	1.0
d.199	1	0.0	0.0	1.0	1.0	1.0
d.198	22	0.727272727273	0.863636363636	0.863636363636	0.863636363636	0.863636363636
e.18	6	0.333333333333	0.833333333333	0.833333333333	1.0	1.0
e.19	6	0.666666666667	0.833333333333	0.833333333333	0.833333333333	0.833333333333
d.5	21	1.0	1.0	1.0	1.0	1.0
d.4	9	0.444444444444	0.888888888889	1.0	1.0	1.0
d.7	2	0.0	0.0	0.0	0.0	0.0
d.6	15	0.866666666667	0.933333333333	0.933333333333	0.933333333333	1.0
d.1	13	0.230769230769	0.769230769231	0.846153846154	0.846153846154	0.923076923077
d.204	3	0.666666666667	1.0	1.0	1.0	1.0
b.68	32	0.375	0.84375	0.96875	0.96875	0.96875
b.69	40	0.325	0.7	0.85	0.925	0.95
b.66	7	0.0	0.285714285714	0.428571428571	0.428571428571	0.428571428571
b.67	14	0.0	0.642857142857	0.857142857143	0.928571428571	1.0
b.64	5	0.4	0.8	0.8	0.8	0.8
b.65	3	0.0	1.0	1.0	1.0	1.0
b.62	29	0.137931034483	0.413793103448	0.551724137931	0.689655172414	0.793103448276
b.63	3	0.666666666667	0.666666666667	1.0	1.0	1.0
b.60	72	0.416666666667	0.708333333333	0.791666666667	0.875	0.944444444444
b.61	21	0.380952380952	0.761904761905	0.857142857143	1.0	1.0
a.173	3	0.333333333333	0.333333333333	0.666666666667	1.0	1.0
e.35	1	1.0	1.0	1.0	1.0	1.0
b.84	40	0.125	0.275	0.325	0.5	0.575
b.85	38	0.342105263158	0.631578947368	0.894736842105	0.973684210526	0.973684210526
b.86	6	0.0	0.166666666667	0.333333333333	0.333333333333	0.333333333333
b.87	4	0.75	1.0	1.0	1.0	1.0
b.80	39	0.512820512821	0.846153846154	0.897435897436	0.923076923077	0.923076923077
b.81	23	0.608695652174	0.913043478261	0.913043478261	0.95652173913	1.0
b.82	116	0.405172413793	0.818965517241	0.887931034483	0.948275862069	0.956896551724
b.83	2	0.0	0.0	0.0	0.0	0.0
a.183	2	1.0	1.0	1.0	1.0	1.0
a.182	4	0.0	0.5	0.5	0.5	0.5
b.142	3	0.666666666667	1.0	1.0	1.0	1.0
a.180	1	0.0	0.0	0.0	0.0	0.0
b.88	8	0.375	0.375	0.625	0.625	0.75
b.89	2	1.0	1.0	1.0	1.0	1.0
a.185	1	0.0	1.0	1.0	1.0	1.0
a.170	2	1.0	1.0	1.0	1.0	1.0
c.112	1	1.0	1.0	1.0	1.0	1.0
c.113	2	0.5	0.5	0.5	1.0	1.0
c.110	3	0.0	0.0	0.0	0.0	0.333333333333
c.111	4	0.5	0.5	0.5	0.75	1.0
c.116	20	0.2	0.55	0.7	0.8	0.8
c.117	5	0.6	0.6	0.8	1.0	1.0
c.114	9	0.333333333333	0.444444444444	0.555555555556	0.777777777778	0.888888888889
c.115	1	0.0	0.0	0.0	0.0	1.0
c.118	1	0.0	0.0	1.0	1.0	1.0
c.119	4	0.0	0.25	0.5	0.75	0.75
f.19	5	0.6	1.0	1.0	1.0	1.0
c.57	12	0.583333333333	0.583333333333	0.833333333333	0.833333333333	0.833333333333
f.26	9	0.555555555556	1.0	1.0	1.0	1.0
f.27	3	0.333333333333	1.0	1.0	1.0	1.0
f.24	5	1.0	1.0	1.0	1.0	1.0
f.25	4	0.0	0.25	0.75	0.75	1.0
f.22	1	0.0	1.0	1.0	1.0	1.0
f.23	62	0.0322580645161	0.129032258065	0.209677419355	0.354838709677	0.41935483871
f.20	2	0.5	1.0	1.0	1.0	1.0
f.21	12	0.833333333333	1.0	1.0	1.0	1.0
d.356	1	0.0	0.0	0.0	0.0	0.0
d.395	1	0.0	0.0	0.0	0.0	0.0
f.28	3	0.0	0.0	0.0	0.0	0.0
f.29	2	1.0	1.0	1.0	1.0	1.0
c.47	179	0.463687150838	0.77094972067	0.865921787709	0.927374301676	0.95530726257
c.46	23	0.478260869565	0.739130434783	0.869565217391	0.913043478261	0.913043478261
c.45	28	0.392857142857	0.75	0.821428571429	0.928571428571	0.928571428571
c.44	11	0.363636363636	0.727272727273	0.818181818182	0.909090909091	0.909090909091
c.43	17	0.470588235294	0.764705882353	0.823529411765	0.823529411765	0.823529411765
c.42	11	0.454545454545	0.545454545455	0.636363636364	0.636363636364	0.818181818182
c.41	18	0.666666666667	0.944444444444	0.944444444444	1.0	1.0
c.40	1	0.0	1.0	1.0	1.0	1.0
a.176	1	0.0	1.0	1.0	1.0	1.0
c.49	10	0.5	0.7	0.8	1.0	1.0
c.48	12	0.333333333333	0.333333333333	0.583333333333	0.666666666667	0.75
b.113	6	0.0	0.5	0.666666666667	0.666666666667	0.666666666667
a.118	137	0.423357664234	0.788321167883	0.897810218978	0.963503649635	0.963503649635
d.258	5	0.4	0.6	0.6	0.6	0.6
a.114	1	0.0	0.0	0.0	0.0	0.0
c.58	23	0.478260869565	0.826086956522	0.95652173913	0.95652173913	0.95652173913
a.116	6	0.0	0.333333333333	0.666666666667	0.833333333333	1.0
d.259	1	0.0	0.0	1.0	1.0	1.0
a.110	2	0.5	1.0	1.0	1.0	1.0
a.111	5	0.2	0.4	0.6	0.6	0.6
b.133	1	0.0	1.0	1.0	1.0	1.0
a.113	2	0.0	0.0	0.0	0.0	0.0
d.257	1	0.0	0.0	1.0	1.0	1.0
g.61	3	0.333333333333	0.333333333333	0.333333333333	0.333333333333	0.333333333333
g.60	2	0.0	0.0	0.0	0.0	0.0
g.63	1	0.0	0.0	0.0	0.0	0.0
g.62	1	0.0	0.0	0.0	0.0	0.0
g.65	1	0.0	0.0	0.0	0.0	0.0
g.64	2	0.0	0.0	0.0	0.0	0.0
g.67	2	0.0	0.0	0.0	0.0	0.0
g.66	6	0.0	0.0	0.0	0.0	0.0
g.69	8	0.125	0.5	1.0	1.0	1.0
g.68	21	0.0	0.0952380952381	0.142857142857	0.333333333333	0.52380952381
d.246	2	0.0	0.0	0.0	0.5	0.5
d.253	1	0.0	0.0	0.0	0.0	0.0
a.231	2	0.0	0.0	0.0	0.0	0.5
a.230	1	0.0	0.0	0.0	0.0	0.0
a.233	1	0.0	0.0	0.0	0.0	0.0
a.232	1	0.0	1.0	1.0	1.0	1.0
a.235	1	0.0	0.0	1.0	1.0	1.0
a.234	1	0.0	0.0	0.0	0.0	0.0
a.237	3	0.333333333333	0.666666666667	0.666666666667	1.0	1.0
a.236	1	0.0	1.0	1.0	1.0	1.0
a.239	1	0.0	1.0	1.0	1.0	1.0
a.238	9	0.444444444444	0.777777777778	0.888888888889	0.888888888889	0.888888888889
b.111	2	0.5	0.5	1.0	1.0	1.0
e.56	1	0.0	0.0	0.0	0.0	0.0
d.39	3	1.0	1.0	1.0	1.0	1.0
d.38	58	0.362068965517	0.620689655172	0.793103448276	0.844827586207	0.862068965517
a.98	2	0.5	0.5	0.5	0.5	0.5
a.99	5	0.6	0.6	0.8	1.0	1.0
a.96	12	0.666666666667	0.833333333333	0.833333333333	0.833333333333	0.833333333333
d.32	46	0.260869565217	0.521739130435	0.695652173913	0.804347826087	0.869565217391
d.31	5	0.0	0.2	0.4	0.4	0.6
d.30	1	0.0	0.0	0.0	0.0	0.0
a.92	1	0.0	0.0	0.0	0.0	0.0
a.93	27	0.333333333333	0.740740740741	0.814814814815	0.814814814815	0.851851851852
a.90	1	1.0	1.0	1.0	1.0	1.0
a.91	10	0.3	0.7	0.8	0.8	0.8
e.55	1	1.0	1.0	1.0	1.0	1.0
a.175	1	0.0	0.0	0.0	1.0	1.0
e.52	6	0.833333333333	1.0	1.0	1.0	1.0
a.17	2	0.0	0.5	0.5	0.5	0.5
a.74	27	0.407407407407	0.592592592593	0.740740740741	0.777777777778	0.851851851852
a.75	4	0.5	0.5	0.5	0.5	0.75
a.76	4	0.0	0.0	0.25	0.25	0.25
a.77	19	0.263157894737	0.631578947368	0.789473684211	0.894736842105	0.894736842105
a.70	2	0.0	0.0	0.5	0.5	0.5
a.71	4	1.0	1.0	1.0	1.0	1.0
a.72	1	0.0	1.0	1.0	1.0	1.0
a.73	10	0.1	0.3	0.5	0.6	0.7
d.256	2	0.0	0.0	0.0	0.0	0.5
f.10	3	0.666666666667	1.0	1.0	1.0	1.0
d.254	6	0.166666666667	0.666666666667	0.833333333333	1.0	1.0
d.255	2	1.0	1.0	1.0	1.0	1.0
a.78	2	0.0	0.0	0.0	0.0	0.0
a.79	5	0.2	0.4	0.6	0.8	0.8
d.250	6	0.5	0.666666666667	0.666666666667	0.666666666667	0.666666666667
d.251	1	1.0	1.0	1.0	1.0	1.0
g.14	29	0.862068965517	0.965517241379	1.0	1.0	1.0
e.57	1	1.0	1.0	1.0	1.0	1.0
g.16	9	0.0	0.111111111111	0.333333333333	0.666666666667	0.777777777778
g.17	25	0.48	0.84	0.92	0.96	0.96
g.10	4	0.5	0.75	1.0	1.0	1.0
g.11	1	0.0	0.0	0.0	0.0	0.0
g.12	18	0.0	0.0	0.0	0.0	0.0
g.13	9	0.0	0.0	0.111111111111	0.333333333333	0.555555555556
g.75	1	0.0	1.0	1.0	1.0	1.0
g.18	38	0.0263157894737	0.578947368421	0.815789473684	0.894736842105	0.894736842105
g.19	4	0.0	0.0	0.0	0.0	0.0
e.58	1	1.0	1.0	1.0	1.0	1.0
c.33	6	0.166666666667	0.333333333333	0.5	0.5	0.5
d.243	2	0.5	0.5	0.5	0.5	0.5
a.285	2	0.0	0.0	0.0	0.0	0.0
d.213	1	0.0	0.0	0.0	0.0	0.0
d.322	3	0.666666666667	0.666666666667	0.666666666667	0.666666666667	0.666666666667
d.323	2	0.5	1.0	1.0	1.0	1.0
d.320	1	0.0	0.0	1.0	1.0	1.0
d.321	2	0.5	1.0	1.0	1.0	1.0
d.326	3	1.0	1.0	1.0	1.0	1.0
d.327	1	0.0	0.0	0.0	0.0	1.0
d.324	1	1.0	1.0	1.0	1.0	1.0
d.325	6	0.0	0.0	0.5	0.5	0.666666666667
b.116	1	1.0	1.0	1.0	1.0	1.0
d.328	2	0.0	1.0	1.0	1.0	1.0
d.329	1	0.0	0.0	0.0	0.0	0.0
d.364	1	1.0	1.0	1.0	1.0	1.0
d.173	2	0.0	0.0	0.0	0.0	0.0
d.172	3	1.0	1.0	1.0	1.0	1.0
d.171	8	0.875	1.0	1.0	1.0	1.0
d.170	3	0.0	0.333333333333	0.333333333333	0.333333333333	0.333333333333
d.177	7	0.571428571429	0.571428571429	0.857142857143	0.857142857143	0.857142857143
d.176	3	0.666666666667	0.666666666667	0.666666666667	0.666666666667	1.0
d.175	3	1.0	1.0	1.0	1.0	1.0
d.174	8	0.75	1.0	1.0	1.0	1.0
d.362	1	0.0	0.0	0.0	0.0	0.0
d.179	5	0.6	1.0	1.0	1.0	1.0
d.178	5	0.2	0.6	0.6	0.6	0.8
d.378	1	0.0	0.0	0.0	0.0	0.0
b.119	1	0.0	1.0	1.0	1.0	1.0
d.363	1	0.0	1.0	1.0	1.0	1.0
b.172	3	0.333333333333	1.0	1.0	1.0	1.0
e.51	2	1.0	1.0	1.0	1.0	1.0
d.240	6	0.833333333333	0.833333333333	0.833333333333	0.833333333333	0.833333333333
a.179	1	0.0	0.0	0.0	0.0	0.0
d.360	1	0.0	0.0	0.0	0.0	0.0
b.115	2	1.0	1.0	1.0	1.0	1.0
d.361	1	0.0	0.0	0.0	0.0	0.0
d.218	25	0.4	0.64	0.8	0.92	0.92
d.219	2	1.0	1.0	1.0	1.0	1.0
b.163	2	0.5	1.0	1.0	1.0	1.0
a.189	5	0.0	0.0	0.0	0.4	0.4
d.316	2	1.0	1.0	1.0	1.0	1.0
b.35	38	0.263157894737	0.684210526316	0.894736842105	0.947368421053	0.947368421053
b.34	220	0.213636363636	0.577272727273	0.809090909091	0.904545454545	0.940909090909
b.37	3	0.0	0.666666666667	0.666666666667	0.666666666667	1.0
b.36	91	0.703296703297	0.89010989011	0.923076923077	0.945054945055	0.956043956044
b.31	3	0.0	0.0	0.666666666667	0.666666666667	0.666666666667
b.30	30	0.166666666667	0.6	0.8	0.8	0.833333333333
b.33	20	0.65	0.8	0.95	0.95	0.95
b.112	2	0.5	1.0	1.0	1.0	1.0
f.40	1	0.0	0.0	0.0	0.0	0.0
b.39	5	0.2	0.4	0.6	0.8	1.0
b.38	34	0.117647058824	0.235294117647	0.441176470588	0.617647058824	0.705882352941
g.76	2	1.0	1.0	1.0	1.0	1.0
b.110	2	0.5	1.0	1.0	1.0	1.0
b.32	1	0.0	0.0	0.0	1.0	1.0
a.69	14	0.142857142857	0.428571428571	0.642857142857	0.714285714286	0.857142857143
b.117	2	0.0	1.0	1.0	1.0	1.0
b.165	1	0.0	0.0	0.0	0.0	1.0
a.177	7	0.0	0.428571428571	0.428571428571	0.714285714286	0.857142857143
a.150	1	0.0	0.0	0.0	0.0	1.0
a.151	1	0.0	0.0	1.0	1.0	1.0
a.152	12	0.916666666667	1.0	1.0	1.0	1.0
a.153	4	0.0	0.0	0.0	0.25	0.5
a.154	2	0.0	1.0	1.0	1.0	1.0
a.155	4	0.0	0.25	0.5	0.5	0.5
a.156	10	0.5	0.8	1.0	1.0	1.0
a.157	4	0.0	0.0	0.0	0.25	0.25
a.158	5	0.2	0.2	0.2	0.4	0.4
a.159	10	0.0	0.2	0.3	0.3	0.5
b.114	1	0.0	0.0	0.0	1.0	1.0
g.73	1	0.0	0.0	0.0	0.0	0.0
d.375	1	0.0	0.0	0.0	0.0	0.0
d.381	2	1.0	1.0	1.0	1.0	1.0
c.90	10	0.6	0.8	0.8	0.9	0.9
c.91	7	0.285714285714	0.857142857143	1.0	1.0	1.0
c.92	21	0.285714285714	0.619047619048	0.857142857143	0.952380952381	0.952380952381
c.93	19	0.210526315789	0.421052631579	0.578947368421	0.736842105263	0.842105263158
c.94	87	0.48275862069	0.724137931034	0.862068965517	0.896551724138	0.919540229885
c.95	44	0.431818181818	0.75	0.772727272727	0.795454545455	0.863636363636
c.96	2	1.0	1.0	1.0	1.0	1.0
c.97	24	0.208333333333	0.416666666667	0.5	0.666666666667	0.75
c.98	5	0.6	1.0	1.0	1.0	1.0
c.99	1	0.0	0.0	0.0	0.0	0.0
a.286	1	0.0	0.0	0.0	0.0	0.0
d.348	6	0.0	0.0	0.0	0.0	0.0
a.279	1	1.0	1.0	1.0	1.0	1.0
g.79	1	0.0	0.0	1.0	1.0	1.0
d.274	1	1.0	1.0	1.0	1.0	1.0
a.278	4	0.25	0.5	0.75	1.0	1.0
a.124	5	1.0	1.0	1.0	1.0	1.0
a.127	19	0.842105263158	0.947368421053	1.0	1.0	1.0
a.126	7	0.571428571429	0.857142857143	1.0	1.0	1.0
a.121	34	0.588235294118	0.794117647059	0.882352941176	0.911764705882	0.911764705882
a.120	1	0.0	0.0	0.0	0.0	0.0
a.123	39	0.923076923077	0.974358974359	0.974358974359	1.0	1.0
b.96	1	0.0	1.0	1.0	1.0	1.0
a.129	7	1.0	1.0	1.0	1.0	1.0
a.128	11	0.272727272727	0.636363636364	0.727272727273	0.818181818182	0.818181818182
a.38	13	0.153846153846	0.692307692308	0.769230769231	0.769230769231	0.769230769231
a.39	136	0.529411764706	0.860294117647	0.911764705882	0.941176470588	0.963235294118
d.359	1	0.0	1.0	1.0	1.0	1.0
d.358	1	1.0	1.0	1.0	1.0	1.0
b.120	1	0.0	0.0	0.0	0.0	0.0
a.30	16	0.0	0.0	0.0625	0.1875	0.375
a.31	3	0.0	0.0	0.0	0.0	0.0
a.32	4	0.0	0.0	0.0	0.0	0.0
a.33	2	0.0	0.0	0.0	0.0	0.0
a.34	9	0.0	0.444444444444	0.666666666667	0.666666666667	0.666666666667
a.35	48	0.125	0.375	0.520833333333	0.645833333333	0.791666666667
a.36	5	0.0	0.4	0.4	0.4	0.6
a.37	2	0.0	0.0	0.0	0.5	0.5
g.58	1	0.0	0.0	0.0	0.0	0.0
g.59	2	0.0	0.0	0.0	0.0	0.0
a.273	1	0.0	0.0	0.0	0.0	0.0
g.50	24	0.333333333333	0.666666666667	0.833333333333	0.916666666667	0.916666666667
g.51	2	1.0	1.0	1.0	1.0	1.0
g.52	16	0.875	1.0	1.0	1.0	1.0
g.53	3	1.0	1.0	1.0	1.0	1.0
g.54	2	0.0	1.0	1.0	1.0	1.0
g.55	1	0.0	0.0	0.0	0.0	0.0
d.42	14	0.714285714286	0.857142857143	0.857142857143	0.857142857143	0.857142857143
d.43	6	0.5	0.5	0.5	0.5	0.666666666667
d.40	8	0.0	0.0	0.25	0.5	0.5
d.41	30	0.266666666667	0.566666666667	0.766666666667	0.866666666667	0.866666666667
d.47	5	0.0	0.2	0.8	1.0	1.0
d.44	21	0.904761904762	0.952380952381	1.0	1.0	1.0
d.45	4	0.0	0.25	0.25	0.25	0.25
a.266	3	0.333333333333	0.666666666667	1.0	1.0	1.0
a.267	1	0.0	0.0	0.0	0.0	0.0
d.48	4	0.25	0.5	0.75	0.75	0.75
d.49	4	0.75	1.0	1.0	1.0	1.0
a.262	1	0.0	1.0	1.0	1.0	1.0
a.263	1	0.0	1.0	1.0	1.0	1.0
a.260	2	0.5	0.5	0.5	0.5	0.5
a.261	2	0.0	0.0	0.5	0.5	0.5
e.1	19	0.631578947368	0.894736842105	0.947368421053	0.947368421053	0.947368421053
e.2	1	0.0	0.0	0.0	0.0	0.0
e.3	43	0.604651162791	0.790697674419	0.883720930233	0.93023255814	0.93023255814
e.5	10	0.8	0.9	0.9	0.9	1.0
e.6	14	0.428571428571	0.642857142857	0.928571428571	0.928571428571	0.928571428571
e.7	14	0.785714285714	0.928571428571	0.928571428571	1.0	1.0
e.8	38	0.368421052632	0.684210526316	0.868421052632	0.921052631579	0.947368421053
d.370	2	1.0	1.0	1.0	1.0	1.0
a.287	2	0.5	0.5	1.0	1.0	1.0
d.377	1	0.0	0.0	0.0	0.0	0.0
d.182	1	1.0	1.0	1.0	1.0	1.0
d.183	1	0.0	0.0	0.0	0.0	0.0
d.180	1	0.0	0.0	0.0	0.0	0.0
d.181	4	0.0	0.25	0.25	0.5	1.0
d.186	2	0.0	0.0	0.0	0.5	0.5
d.187	1	0.0	0.0	0.0	1.0	1.0
d.184	5	0.0	0.4	0.6	0.6	0.6
d.185	28	0.25	0.571428571429	0.714285714286	0.821428571429	0.892857142857
d.188	4	0.5	1.0	1.0	1.0	1.0
d.189	6	0.666666666667	0.833333333333	0.833333333333	0.833333333333	1.0
f.55	2	1.0	1.0	1.0	1.0	1.0
d.212	5	0.2	0.2	0.6	0.6	0.6
b.78	11	0.818181818182	0.909090909091	0.909090909091	1.0	1.0
d.210	3	0.0	0.666666666667	0.666666666667	1.0	1.0
d.211	22	0.454545454545	0.545454545455	0.727272727273	0.772727272727	0.772727272727
d.216	1	0.0	0.0	0.0	0.0	0.0
d.217	4	0.0	0.75	1.0	1.0	1.0
d.214	1	0.0	0.0	1.0	1.0	1.0
d.215	2	0.0	0.0	0.0	0.0	0.5
b.71	56	0.267857142857	0.446428571429	0.535714285714	0.642857142857	0.678571428571
b.70	11	0.818181818182	1.0	1.0	1.0	1.0
b.73	1	0.0	0.0	0.0	0.0	0.0
b.72	27	0.0	0.0	0.0	0.0	0.0
b.75	2	0.5	1.0	1.0	1.0	1.0
b.74	10	0.4	0.5	0.5	0.6	0.6
b.77	11	0.181818181818	0.545454545455	0.818181818182	0.818181818182	0.909090909091
b.76	6	0.666666666667	0.833333333333	1.0	1.0	1.0
a.194	9	0.0	0.0	0.111111111111	0.333333333333	0.333333333333
a.195	3	0.0	0.333333333333	0.666666666667	1.0	1.0
a.196	1	0.0	1.0	1.0	1.0	1.0
a.190	3	0.0	0.0	0.0	0.0	0.0
a.191	1	0.0	1.0	1.0	1.0	1.0
a.192	1	0.0	0.0	0.0	0.0	1.0
a.193	2	0.0	0.0	0.5	0.5	0.5
a.218	1	0.0	0.0	0.0	0.0	0.0
a.198	1	1.0	1.0	1.0	1.0	1.0
a.199	1	0.0	0.0	0.0	0.0	0.0
b.97	4	0.25	1.0	1.0	1.0	1.0
a.217	5	0.0	0.0	0.2	0.2	0.2
b.95	1	0.0	1.0	1.0	1.0	1.0
b.94	1	0.0	0.0	1.0	1.0	1.0
b.93	2	0.0	0.0	0.0	0.0	0.0
b.92	33	0.363636363636	0.818181818182	0.909090909091	0.939393939394	0.939393939394
b.91	4	0.25	0.75	0.75	1.0	1.0
b.90	1	0.0	1.0	1.0	1.0	1.0
d.336	1	0.0	0.0	0.0	0.0	0.0
b.98	1	1.0	1.0	1.0	1.0	1.0
c.129	7	0.0	0.142857142857	0.285714285714	0.285714285714	0.428571428571
c.128	1	0.0	0.0	0.0	0.0	0.0
c.127	1	0.0	1.0	1.0	1.0	1.0
c.126	1	1.0	1.0	1.0	1.0	1.0
c.125	1	0.0	0.0	1.0	1.0	1.0
c.124	33	0.454545454545	0.787878787879	0.878787878788	0.878787878788	0.878787878788
c.123	4	0.75	0.75	1.0	1.0	1.0
c.122	3	0.0	0.0	1.0	1.0	1.0
c.121	3	0.333333333333	0.333333333333	1.0	1.0	1.0
c.120	15	0.133333333333	0.266666666667	0.466666666667	0.6	0.666666666667
d.137	5	0.0	0.4	0.4	0.6	0.6
d.136	13	0.153846153846	0.384615384615	0.461538461538	0.538461538462	0.538461538462
d.135	1	0.0	0.0	0.0	0.0	0.0
d.134	10	0.5	0.7	0.7	0.7	0.7
d.133	8	0.875	1.0	1.0	1.0	1.0
d.330	1	0.0	1.0	1.0	1.0	1.0
d.131	24	0.541666666667	0.875	0.875	0.875	0.916666666667
d.130	9	0.555555555556	0.666666666667	0.888888888889	1.0	1.0
f.58	5	0.8	1.0	1.0	1.0	1.0
d.139	8	0.25	0.5	0.625	0.75	0.75
f.31	1	0.0	0.0	0.0	0.0	0.0
f.30	1	0.0	0.0	0.0	0.0	0.0
f.33	1	0.0	1.0	1.0	1.0	1.0
f.32	6	0.833333333333	1.0	1.0	1.0	1.0
f.35	2	0.0	0.5	0.5	1.0	1.0
f.34	1	0.0	1.0	1.0	1.0	1.0
f.37	3	0.0	0.666666666667	1.0	1.0	1.0
f.36	4	1.0	1.0	1.0	1.0	1.0
f.39	1	1.0	1.0	1.0	1.0	1.0
f.38	2	0.5	1.0	1.0	1.0	1.0
a.270	1	0.0	1.0	1.0	1.0	1.0
c.72	34	0.352941176471	0.647058823529	0.852941176471	0.852941176471	0.911764705882
c.73	16	0.25	0.625	0.875	0.9375	1.0
c.70	4	0.0	0.0	0.75	0.75	0.75
c.71	15	0.2	0.533333333333	0.6	0.6	0.6
c.76	10	0.1	0.2	0.5	0.6	0.8
c.77	22	0.181818181818	0.454545454545	0.818181818182	0.863636363636	0.863636363636
c.74	6	0.166666666667	0.333333333333	0.5	0.5	1.0
c.78	27	0.259259259259	0.592592592593	0.703703703704	0.740740740741	0.740740740741
c.79	22	0.272727272727	0.772727272727	0.954545454545	0.954545454545	0.954545454545
a.169	2	0.0	0.5	0.5	0.5	0.5
a.168	3	0.0	0.333333333333	1.0	1.0	1.0
a.147	1	0.0	0.0	0.0	0.0	0.0
b.128	1	1.0	1.0	1.0	1.0	1.0
b.129	7	0.0	0.0	0.0	0.0	0.0
a.161	3	0.0	0.333333333333	0.333333333333	0.333333333333	0.333333333333
b.127	1	0.0	1.0	1.0	1.0	1.0
a.163	1	1.0	1.0	1.0	1.0	1.0
b.125	3	0.0	0.0	0.333333333333	0.333333333333	0.333333333333
b.122	39	0.0769230769231	0.384615384615	0.487179487179	0.641025641026	0.74358974359
a.164	2	0.0	0.0	0.0	0.0	0.0
a.184	4	0.0	0.0	0.0	0.0	0.25
b.121	140	0.5	0.907142857143	0.942857142857	0.964285714286	0.992857142857
a.146	2	0.0	0.0	0.5	1.0	1.0
g.98	3	0.0	0.0	0.0	0.0	0.0
g.99	2	0.0	0.0	0.0	0.0	0.0
g.94	2	0.0	0.0	0.0	0.0	0.0
g.95	1	0.0	0.0	0.0	0.0	0.0
a.272	1	0.0	0.0	0.0	0.0	0.0
g.90	1	0.0	0.0	0.0	0.0	0.0
g.91	2	0.0	0.0	0.0	0.0	0.0
g.92	1	1.0	1.0	1.0	1.0	1.0
g.93	1	0.0	0.0	0.0	1.0	1.0
f.44	1	1.0	1.0	1.0	1.0	1.0
a.223	3	0.333333333333	0.666666666667	0.666666666667	0.666666666667	0.666666666667
f.46	1	1.0	1.0	1.0	1.0	1.0
f.47	1	1.0	1.0	1.0	1.0	1.0
b.144	1	0.0	0.0	0.0	0.0	0.0
f.41	1	0.0	0.0	0.0	1.0	1.0
f.42	1	0.0	0.0	0.0	0.0	0.0
f.43	1	1.0	1.0	1.0	1.0	1.0
a.228	1	1.0	1.0	1.0	1.0	1.0
a.229	1	0.0	0.0	0.0	1.0	1.0
f.48	1	0.0	0.0	0.0	0.0	0.0
f.49	1	0.0	1.0	1.0	1.0	1.0
a.89	6	0.333333333333	0.666666666667	0.666666666667	0.666666666667	0.666666666667
a.88	1	1.0	1.0	1.0	1.0	1.0
d.291	1	0.0	0.0	1.0	1.0	1.0
a.81	2	1.0	1.0	1.0	1.0	1.0
a.80	14	0.0714285714286	0.285714285714	0.5	0.642857142857	0.714285714286
a.83	8	0.375	0.875	0.875	0.875	0.875
a.85	2	0.0	0.5	1.0	1.0	1.0
a.84	1	0.0	0.0	0.0	0.0	1.0
a.87	10	0.3	0.7	0.7	0.8	0.9
a.86	5	0.4	0.6	0.6	0.6	0.8
d.245	2	1.0	1.0	1.0	1.0	1.0
d.244	1	1.0	1.0	1.0	1.0	1.0
c.153	1	0.0	0.0	0.0	0.0	1.0
b.118	3	0.0	0.333333333333	0.333333333333	0.666666666667	0.666666666667
d.380	1	0.0	0.0	0.0	1.0	1.0
a.66	6	0.333333333333	0.666666666667	0.833333333333	0.833333333333	0.833333333333
a.65	18	0.0	0.388888888889	0.666666666667	0.777777777778	0.888888888889
a.64	7	0.0	0.285714285714	0.428571428571	0.571428571429	1.0
a.63	2	0.0	0.0	0.5	1.0	1.0
d.202	2	0.5	0.5	0.5	0.5	0.5
a.61	11	0.545454545455	0.909090909091	0.909090909091	1.0	1.0
a.60	99	0.151515151515	0.535353535354	0.737373737374	0.828282828283	0.888888888889
d.263	1	1.0	1.0	1.0	1.0	1.0
d.241	5	0.6	0.8	0.8	0.8	1.0
d.261	1	1.0	1.0	1.0	1.0	1.0
d.260	1	1.0	1.0	1.0	1.0	1.0
d.267	1	0.0	0.0	0.0	0.0	0.0
d.193	3	0.0	0.0	0.333333333333	0.666666666667	0.666666666667
d.265	11	0.0909090909091	0.545454545455	0.636363636364	0.727272727273	0.818181818182
a.68	1	1.0	1.0	1.0	1.0	1.0
e.41	1	1.0	1.0	1.0	1.0	1.0
e.40	2	0.0	0.0	0.0	0.0	0.0
e.43	2	0.0	0.0	0.0	0.0	0.0
d.192	1	1.0	1.0	1.0	1.0	1.0
e.45	1	0.0	0.0	1.0	1.0	1.0
e.44	1	0.0	0.0	1.0	1.0	1.0
e.47	1	1.0	1.0	1.0	1.0	1.0
e.46	1	0.0	1.0	1.0	1.0	1.0
e.49	1	1.0	1.0	1.0	1.0	1.0
e.48	1	0.0	0.0	0.0	0.0	1.0
d.242	1	0.0	1.0	1.0	1.0	1.0
d.194	7	0.428571428571	0.571428571429	0.714285714286	0.714285714286	0.857142857143
f.7	3	0.333333333333	0.666666666667	0.666666666667	0.666666666667	0.666666666667
f.6	5	0.2	0.8	0.8	1.0	1.0
f.5	2	0.0	0.5	1.0	1.0	1.0
f.4	26	0.846153846154	0.961538461538	0.961538461538	0.961538461538	0.961538461538
f.3	8	0.0	0.0	0.375	0.375	0.375
a.292	2	0.0	0.0	0.0	0.0	0.0
f.1	25	0.44	0.64	0.8	0.92	0.96
a.290	1	0.0	0.0	0.0	0.0	0.0
e.15	2	1.0	1.0	1.0	1.0	1.0
f.9	1	0.0	1.0	1.0	1.0	1.0
f.8	2	0.5	1.0	1.0	1.0	1.0
d.319	1	0.0	0.0	1.0	1.0	1.0
d.318	1	0.0	0.0	1.0	1.0	1.0
d.317	1	0.0	0.0	1.0	1.0	1.0
d.37	27	0.333333333333	0.703703703704	0.814814814815	0.851851851852	0.888888888889
d.315	1	0.0	0.0	0.0	0.0	0.0
d.314	2	0.5	1.0	1.0	1.0	1.0
d.313	1	0.0	1.0	1.0	1.0	1.0
d.312	1	0.0	0.0	0.0	0.0	0.0
a.220	1	0.0	1.0	1.0	1.0	1.0
d.310	5	0.2	0.2	0.2	0.4	0.4
b.105	3	0.0	0.333333333333	0.666666666667	1.0	1.0
d.168	8	0.25	0.375	0.625	0.625	0.625
d.169	78	0.846153846154	0.935897435897	0.974358974359	0.987179487179	1.0
d.164	1	0.0	0.0	0.0	0.0	1.0
d.165	25	0.76	0.92	0.96	0.96	0.96
d.166	23	0.347826086957	0.652173913043	0.739130434783	0.739130434783	0.913043478261
d.167	11	0.0	0.0	0.0	0.0	0.0909090909091
d.160	4	0.5	0.75	1.0	1.0	1.0
d.161	7	0.0	0.142857142857	0.714285714286	0.857142857143	0.857142857143
d.162	33	0.0909090909091	0.30303030303	0.393939393939	0.515151515152	0.545454545455
d.163	10	0.3	0.6	0.7	0.8	0.9
d.36	1	0.0	0.0	0.0	1.0	1.0
d.379	3	0.333333333333	0.666666666667	1.0	1.0	1.0
a.221	1	0.0	0.0	1.0	1.0	1.0
d.207	1	0.0	1.0	1.0	1.0	1.0
e.34	1	0.0	0.0	0.0	0.0	0.0
d.201	3	1.0	1.0	1.0	1.0	1.0
e.37	2	1.0	1.0	1.0	1.0	1.0
e.32	2	1.0	1.0	1.0	1.0	1.0
d.200	1	1.0	1.0	1.0	1.0	1.0
d.238	1	0.0	0.0	0.0	1.0	1.0
e.38	3	0.333333333333	0.666666666667	0.666666666667	0.666666666667	1.0
d.203	2	1.0	1.0	1.0	1.0	1.0
b.40	216	0.462962962963	0.851851851852	0.935185185185	0.972222222222	0.99537037037
b.41	6	0.166666666667	0.333333333333	0.333333333333	0.333333333333	0.666666666667
b.42	78	0.384615384615	0.820512820513	0.948717948718	0.974358974359	0.987179487179
b.43	60	0.333333333333	0.8	0.883333333333	0.95	0.966666666667
b.44	16	0.125	0.875	0.9375	0.9375	1.0
b.45	34	0.205882352941	0.352941176471	0.588235294118	0.705882352941	0.823529411765
b.46	6	0.5	0.5	0.5	0.666666666667	0.666666666667
b.47	115	0.747826086957	0.921739130435	0.982608695652	0.982608695652	0.982608695652
b.48	1	0.0	0.0	0.0	1.0	1.0
b.49	26	0.115384615385	0.5	0.769230769231	0.769230769231	0.884615384615
a.226	1	1.0	1.0	1.0	1.0	1.0
d.206	2	0.5	0.5	0.5	0.5	0.5
c.36	46	0.108695652174	0.434782608696	0.630434782609	0.695652173913	0.760869565217
c.37	421	0.86460807601	0.947743467933	0.973871733967	0.980997624703	0.995249406176
c.34	5	0.0	0.0	0.0	0.6	0.6
d.376	1	1.0	1.0	1.0	1.0	1.0
c.32	7	0.857142857143	1.0	1.0	1.0	1.0
d.3	86	0.383720930233	0.616279069767	0.709302325581	0.779069767442	0.813953488372
c.30	22	0.454545454545	0.772727272727	0.909090909091	0.909090909091	1.0
c.31	25	0.08	0.52	0.76	0.76	0.76
d.2	50	0.44	0.76	0.82	0.86	0.92
c.38	2	0.0	0.5	0.5	1.0	1.0
c.39	2	0.0	0.5	1.0	1.0	1.0
b.162	1	0.0	0.0	0.0	0.0	1.0
d.209	1	1.0	1.0	1.0	1.0	1.0
b.160	2	1.0	1.0	1.0	1.0	1.0
b.161	1	1.0	1.0	1.0	1.0	1.0
b.166	1	0.0	1.0	1.0	1.0	1.0
b.167	3	1.0	1.0	1.0	1.0	1.0
b.164	1	0.0	0.0	0.0	0.0	1.0
d.208	2	0.0	0.0	0.0	0.5	0.5
d.386	13	0.0	0.0	0.0	0.0	0.0
b.168	1	1.0	1.0	1.0	1.0	1.0
b.169	4	0.25	0.25	0.5	0.5	0.75
e.42	1	1.0	1.0	1.0	1.0	1.0
b.171	3	0.0	0.333333333333	0.666666666667	0.666666666667	0.666666666667
e.65	1	0.0	1.0	1.0	1.0	1.0
b.170	2	0.0	0.0	0.0	0.5	0.5
d.9	41	0.219512195122	0.829268292683	0.90243902439	0.951219512195	0.951219512195
b.173	1	0.0	0.0	0.0	0.0	0.0
d.8	3	1.0	1.0	1.0	1.0	1.0
c.83	3	1.0	1.0	1.0	1.0	1.0
c.82	15	0.733333333333	0.933333333333	0.933333333333	1.0	1.0
c.81	12	0.833333333333	0.833333333333	0.916666666667	1.0	1.0
c.80	17	0.352941176471	0.823529411765	0.941176470588	1.0	1.0
c.87	25	0.44	0.88	0.92	0.92	0.96
c.86	9	0.222222222222	0.888888888889	0.888888888889	1.0	1.0
c.85	2	1.0	1.0	1.0	1.0	1.0
c.84	9	0.666666666667	0.666666666667	0.777777777778	0.777777777778	0.888888888889
b.175	1	0.0	0.0	0.0	0.0	0.0
c.89	3	0.333333333333	0.666666666667	0.666666666667	0.666666666667	0.666666666667
c.88	8	0.75	0.875	0.875	0.875	0.875
b.124	3	1.0	1.0	1.0	1.0	1.0
b.174	1	0.0	0.0	0.0	0.0	0.0
a.162	2	0.0	1.0	1.0	1.0	1.0
b.177	1	0.0	1.0	1.0	1.0	1.0
b.178	1	1.0	1.0	1.0	1.0	1.0
a.165	2	0.0	0.0	0.5	1.0	1.0
b.176	1	0.0	0.0	1.0	1.0	1.0
b.123	1	1.0	1.0	1.0	1.0	1.0
a.4	440	0.711363636364	0.95	0.977272727273	0.986363636364	0.993181818182
a.5	58	0.0172413793103	0.258620689655	0.5	0.620689655172	0.758620689655
a.6	15	0.266666666667	0.4	0.6	0.666666666667	0.733333333333
a.7	55	0.418181818182	0.854545454545	0.927272727273	0.963636363636	0.963636363636
a.225	1	0.0	0.0	0.0	0.0	0.0
a.1	115	0.130434782609	0.617391304348	0.860869565217	0.930434782609	0.95652173913
a.2	72	0.25	0.722222222222	0.888888888889	0.930555555556	0.972222222222
a.3	79	0.911392405063	0.987341772152	1.0	1.0	1.0
a.166	1	0.0	0.0	0.0	0.0	0.0
a.8	32	0.125	0.5625	0.75	0.84375	0.90625
a.9	4	0.0	0.0	0.0	0.0	0.25
a.136	2	0.5	0.5	0.5	0.5	0.5
a.137	23	0.260869565217	0.391304347826	0.782608695652	0.826086956522	0.913043478261
a.134	2	0.0	0.0	1.0	1.0	1.0
a.135	1	1.0	1.0	1.0	1.0	1.0
a.132	18	0.444444444444	0.833333333333	0.944444444444	0.944444444444	1.0
a.133	48	0.958333333333	1.0	1.0	1.0	1.0
a.130	7	0.142857142857	0.285714285714	0.714285714286	0.714285714286	0.857142857143
a.131	2	0.0	0.0	0.0	0.0	0.5
d.190	12	0.0	0.0833333333333	0.0833333333333	0.166666666667	0.25
d.383	1	1.0	1.0	1.0	1.0	1.0
d.333	1	0.0	0.0	0.0	1.0	1.0
a.138	32	0.90625	0.96875	0.96875	1.0	1.0
a.139	4	0.0	0.25	0.25	0.5	0.5
d.332	1	1.0	1.0	1.0	1.0	1.0
d.335	1	1.0	1.0	1.0	1.0	1.0
d.334	1	0.0	0.0	1.0	1.0	1.0
a.280	3	0.666666666667	0.666666666667	0.666666666667	1.0	1.0
a.29	46	0.260869565217	0.565217391304	0.869565217391	0.913043478261	0.95652173913
a.28	21	0.0952380952381	0.571428571429	0.666666666667	0.761904761905	0.857142857143
d.337	1	0.0	1.0	1.0	1.0	1.0
a.281	4	0.25	0.75	0.75	1.0	1.0
a.23	9	0.0	0.111111111111	0.222222222222	0.333333333333	0.444444444444
a.22	46	0.369565217391	0.608695652174	0.673913043478	0.760869565217	0.847826086957
a.21	18	0.666666666667	0.833333333333	1.0	1.0	1.0
a.20	6	0.0	0.0	0.5	0.666666666667	0.833333333333
a.27	12	0.0	0.0833333333333	0.5	0.75	0.75
a.26	46	0.521739130435	0.913043478261	0.95652173913	0.978260869565	0.978260869565
a.25	76	0.289473684211	0.605263157895	0.75	0.868421052632	0.881578947368
a.24	95	0.631578947368	0.926315789474	0.978947368421	1.0	1.0
d.339	1	1.0	1.0	1.0	1.0	1.0
g.49	8	0.125	0.75	0.875	0.875	1.0
g.48	1	0.0	0.0	0.0	1.0	1.0
d.338	1	0.0	0.0	1.0	1.0	1.0
g.43	7	0.0	0.0	0.142857142857	0.142857142857	0.142857142857
g.42	3	0.0	0.0	0.0	0.0	0.0
g.41	82	0.353658536585	0.69512195122	0.817073170732	0.841463414634	0.890243902439
g.40	9	0.0	0.0	0.111111111111	0.222222222222	0.222222222222
g.47	1	0.0	0.0	0.0	0.0	0.0
g.46	21	0.761904761905	1.0	1.0	1.0	1.0
g.45	2	1.0	1.0	1.0	1.0	1.0
g.44	29	0.448275862069	0.793103448276	0.896551724138	0.931034482759	0.931034482759
b.148	3	0.333333333333	1.0	1.0	1.0	1.0
a.259	1	0.0	1.0	1.0	1.0	1.0
a.258	1	0.0	0.0	0.0	1.0	1.0
d.59	4	0.0	0.0	0.0	0.0	0.0
d.58	478	0.585774058577	0.880753138075	0.956066945607	0.981171548117	0.985355648536
d.205	1	0.0	0.0	0.0	0.0	0.0
b.149	1	1.0	1.0	1.0	1.0	1.0
d.55	4	0.25	0.75	1.0	1.0	1.0
d.54	27	0.481481481481	0.851851851852	0.925925925926	0.925925925926	1.0
d.57	1	0.0	0.0	0.0	0.0	0.0
d.56	7	0.285714285714	0.857142857143	1.0	1.0	1.0
d.51	31	0.161290322581	0.387096774194	0.548387096774	0.612903225806	0.709677419355
d.50	33	0.151515151515	0.606060606061	0.757575757576	0.787878787879	0.848484848485
a.255	1	0.0	0.0	0.0	0.0	0.0
d.52	33	0.242424242424	0.606060606061	0.787878787879	0.878787878788	0.909090909091
f.57	1	0.0	0.0	1.0	1.0	1.0
a.188	1	1.0	1.0	1.0	1.0	1.0
a.18	1	0.0	1.0	1.0	1.0	1.0
d.237	1	0.0	0.0	0.0	0.0	0.0
b.139	2	0.0	0.0	0.0	0.5	0.5
a.186	5	0.2	0.6	0.8	0.8	0.8
b.19	15	0.466666666667	0.666666666667	0.733333333333	0.866666666667	0.933333333333
b.18	66	0.30303030303	0.727272727273	0.893939393939	0.924242424242	0.939393939394
b.17	7	0.0	0.0	0.428571428571	0.714285714286	0.714285714286
b.16	4	1.0	1.0	1.0	1.0	1.0
b.15	10	0.5	0.9	0.9	0.9	0.9
b.14	3	0.333333333333	0.666666666667	1.0	1.0	1.0
b.12	11	0.0909090909091	0.545454545455	0.636363636364	0.727272727273	0.818181818182
b.11	26	0.230769230769	0.538461538462	0.807692307692	0.807692307692	0.846153846154
b.140	1	1.0	1.0	1.0	1.0	1.0
b.141	1	1.0	1.0	1.0	1.0	1.0
a.181	1	0.0	1.0	1.0	1.0	1.0
b.143	1	0.0	1.0	1.0	1.0	1.0
a.119	3	0.666666666667	1.0	1.0	1.0	1.0
a.172	2	0.0	0.0	0.0	0.0	0.0
e.70	1	0.0	0.0	1.0	1.0	1.0
a.187	1	0.0	1.0	1.0	1.0	1.0
e.72	1	1.0	1.0	1.0	1.0	1.0
e.73	1	1.0	1.0	1.0	1.0	1.0
e.74	2	0.0	0.0	0.0	0.0	0.0
e.75	1	0.0	0.0	0.0	0.0	0.0
e.76	2	0.0	0.0	0.5	0.5	0.5
b.145	1	0.0	1.0	1.0	1.0	1.0
d.344	5	0.0	0.0	0.0	0.2	0.4
d.345	1	1.0	1.0	1.0	1.0	1.0
d.346	1	1.0	1.0	1.0	1.0	1.0
d.347	2	0.5	0.5	1.0	1.0	1.0
d.340	1	0.0	1.0	1.0	1.0	1.0
b.146	1	1.0	1.0	1.0	1.0	1.0
d.229	2	0.0	0.0	0.0	0.5	1.0
d.228	1	1.0	1.0	1.0	1.0	1.0
d.227	12	0.0833333333333	0.25	0.333333333333	0.416666666667	0.416666666667
d.226	1	0.0	0.0	0.0	0.0	1.0
d.225	2	0.0	0.0	0.0	0.5	0.5
d.224	8	0.0	0.0	0.25	0.25	0.625
d.223	3	0.666666666667	0.666666666667	1.0	1.0	1.0
d.222	3	0.666666666667	1.0	1.0	1.0	1.0
d.221	1	1.0	1.0	1.0	1.0	1.0
d.220	5	0.6	0.6	0.8	0.8	0.8
d.155	2	0.0	0.0	0.0	0.0	0.5
d.154	2	0.5	0.5	1.0	1.0	1.0
d.157	31	0.548387096774	0.806451612903	0.935483870968	0.967741935484	1.0
d.156	3	0.666666666667	0.666666666667	0.666666666667	0.666666666667	0.666666666667
d.151	11	0.272727272727	0.272727272727	0.545454545455	0.545454545455	0.727272727273
d.150	4	1.0	1.0	1.0	1.0	1.0
d.153	61	0.573770491803	0.786885245902	0.868852459016	0.918032786885	0.950819672131
d.152	2	0.5	1.0	1.0	1.0	1.0
d.159	30	0.2	0.6	0.8	0.9	0.9
d.331	1	0.0	0.0	0.0	1.0	1.0
a.256	1	0.0	0.0	0.0	0.0	0.0
a.95	1	0.0	0.0	0.0	0.0	0.0
c.138	1	0.0	1.0	1.0	1.0	1.0
a.222	1	0.0	1.0	1.0	1.0	1.0
f.45	2	0.0	0.0	0.5	1.0	1.0
c.130	1	1.0	1.0	1.0	1.0	1.0
c.131	4	1.0	1.0	1.0	1.0	1.0
c.132	1	1.0	1.0	1.0	1.0	1.0
c.133	2	0.0	0.0	0.0	0.0	0.5
c.134	2	0.5	0.5	0.5	0.5	0.5
c.135	3	0.666666666667	1.0	1.0	1.0	1.0
c.136	2	0.5	0.5	1.0	1.0	1.0
d.120	15	0.666666666667	0.866666666667	0.866666666667	0.933333333333	0.933333333333
d.121	1	0.0	0.0	0.0	0.0	1.0
d.122	24	0.0833333333333	0.458333333333	0.625	0.708333333333	0.75
d.123	1	0.0	0.0	0.0	1.0	1.0
d.124	8	0.125	0.75	1.0	1.0	1.0
d.125	1	0.0	0.0	0.0	0.0	0.0
d.126	15	0.533333333333	0.8	0.8	0.866666666667	0.933333333333
d.127	9	0.555555555556	0.666666666667	0.777777777778	0.777777777778	0.777777777778
d.128	15	0.4	0.866666666667	0.866666666667	0.866666666667	1.0
d.129	71	0.464788732394	0.845070422535	0.929577464789	0.943661971831	0.985915492958
a.251	1	0.0	0.0	0.0	0.0	0.0
a.227	1	1.0	1.0	1.0	1.0	1.0
a.250	4	0.75	1.0	1.0	1.0	1.0
a.224	1	0.0	0.0	0.0	1.0	1.0
d.88	4	0.0	0.0	0.25	0.25	0.25
d.89	7	0.142857142857	0.571428571429	0.857142857143	0.857142857143	1.0
d.86	3	0.0	0.333333333333	1.0	1.0	1.0
d.87	27	0.296296296296	0.481481481481	0.62962962963	0.703703703704	0.777777777778
d.84	1	0.0	1.0	1.0	1.0	1.0
d.85	5	0.8	0.8	0.8	0.8	0.8
d.82	9	0.333333333333	0.666666666667	0.777777777778	0.777777777778	0.777777777778
d.83	3	0.666666666667	1.0	1.0	1.0	1.0
d.80	15	0.6	0.733333333333	0.933333333333	0.933333333333	1.0
d.81	55	0.418181818182	0.745454545455	0.818181818182	0.872727272727	0.890909090909
c.69	122	0.72131147541	0.975409836066	0.983606557377	0.983606557377	0.991803278689
c.68	44	0.568181818182	0.818181818182	0.863636363636	0.977272727273	1.0
c.65	7	0.0	0.0	0.142857142857	0.428571428571	0.571428571429
c.64	1	1.0	1.0	1.0	1.0	1.0
c.67	94	0.595744680851	0.936170212766	0.978723404255	0.989361702128	0.989361702128
c.66	130	0.669230769231	0.984615384615	0.992307692308	1.0	1.0
c.61	41	0.463414634146	0.707317073171	0.80487804878	0.878048780488	0.90243902439
c.60	19	0.526315789474	0.736842105263	0.947368421053	1.0	1.0
c.62	18	0.222222222222	0.666666666667	0.833333333333	0.888888888889	0.888888888889
b.9	2	1.0	1.0	1.0	1.0	1.0
b.8	5	0.2	0.4	0.6	0.6	0.8
d.350	1	1.0	1.0	1.0	1.0	1.0
b.138	1	0.0	0.0	0.0	1.0	1.0
b.3	34	0.558823529412	0.735294117647	0.852941176471	0.882352941176	0.941176470588
b.2	73	0.41095890411	0.808219178082	0.917808219178	0.972602739726	0.972602739726
b.1	1264	0.939873417722	0.991297468354	0.997626582278	1.0	1.0
a.171	3	0.0	0.0	0.666666666667	0.666666666667	0.666666666667
b.7	38	0.131578947368	0.421052631579	0.605263157895	0.710526315789	0.815789473684
b.6	96	0.40625	0.677083333333	0.822916666667	0.895833333333	0.90625
a.174	3	0.0	0.0	0.333333333333	0.666666666667	0.666666666667
b.4	4	0.0	0.25	0.25	0.75	0.75
c.149	2	0.0	0.5	0.5	1.0	1.0
c.148	1	1.0	1.0	1.0	1.0	1.0
g.97	37	0.0	0.0	0.0	0.0	0.0
c.145	1	0.0	0.0	0.0	0.0	0.0
c.144	1	0.0	1.0	1.0	1.0	1.0
c.147	1	0.0	1.0	1.0	1.0	1.0
c.146	1	0.0	0.0	1.0	1.0	1.0
c.141	1	0.0	0.0	0.0	0.0	0.0
c.140	2	0.5	0.5	0.5	0.5	0.5
c.143	2	0.0	0.0	0.0	0.0	0.5
c.142	1	1.0	1.0	1.0	1.0	1.0
d.357	2	0.0	0.5	0.5	1.0	1.0
g.89	1	1.0	1.0	1.0	1.0	1.0
g.88	1	0.0	0.0	1.0	1.0	1.0
g.87	1	0.0	0.0	0.0	0.0	0.0
g.86	1	0.0	1.0	1.0	1.0	1.0
g.85	5	0.0	0.0	0.0	0.2	0.2
g.84	1	0.0	1.0	1.0	1.0	1.0
g.83	2	0.0	0.0	0.5	0.5	0.5
g.82	1	0.0	1.0	1.0	1.0	1.0
g.81	3	0.0	0.333333333333	0.666666666667	0.666666666667	1.0
g.80	6	0.666666666667	1.0	1.0	1.0	1.0
d.11	5	0.0	0.4	0.4	0.4	0.6
d.10	6	0.0	0.833333333333	0.833333333333	0.833333333333	0.833333333333
d.13	15	0.333333333333	0.533333333333	0.6	0.6	0.666666666667
d.12	11	0.0909090909091	0.363636363636	0.727272727273	0.818181818182	0.818181818182
d.15	217	0.820276497696	0.967741935484	0.981566820276	0.990783410138	0.990783410138
d.14	58	0.275862068966	0.51724137931	0.620689655172	0.793103448276	0.862068965517
d.17	102	0.598039215686	0.882352941176	0.941176470588	0.960784313725	0.990196078431
d.16	30	0.5	0.8	0.933333333333	0.966666666667	0.966666666667
d.19	75	0.413333333333	0.653333333333	0.746666666667	0.826666666667	0.893333333333
d.18	7	0.571428571429	0.857142857143	1.0	1.0	1.0
a.215	1	0.0	0.0	0.0	0.0	0.0
a.214	1	0.0	0.0	0.0	0.0	0.0
a.213	7	0.0	0.0	0.0	0.0	0.142857142857
a.212	1	0.0	0.0	0.0	0.0	0.0
a.211	24	0.416666666667	0.583333333333	0.791666666667	0.875	0.875
a.210	1	0.0	0.0	0.0	0.0	0.0
g.2	4	0.0	0.0	0.25	0.25	0.5
g.3	303	0.26402640264	0.86798679868	0.986798679868	1.0	1.0
g.1	21	0.0	0.047619047619	0.0952380952381	0.428571428571	0.809523809524
g.6	1	0.0	0.0	0.0	0.0	0.0
g.7	45	0.755555555556	0.977777777778	1.0	1.0	1.0
g.4	6	0.0	0.0	0.0	0.333333333333	0.666666666667
g.5	2	0.0	0.0	0.0	0.0	0.0
g.8	29	0.0	0.172413793103	0.275862068966	0.379310344828	0.48275862069
g.9	21	0.0	0.0	0.0	0.0	0.0
a.253	1	1.0	1.0	1.0	1.0	1.0
d.275	1	0.0	0.0	0.0	0.0	1.0
f.62	32	0.0	0.0	0.0	0.0	0.0
a.252	2	0.0	0.5	1.0	1.0	1.0
b.180	2	0.0	0.0	0.0	0.0	0.0
b.181	13	0.0	0.0	0.0	0.0	0.0
b.182	7	0.0	0.0	0.0	0.0	0.0
a.52	13	0.846153846154	1.0	1.0	1.0	1.0
a.53	4	0.0	0.0	0.0	0.0	0.25
a.50	2	0.0	0.5	0.5	0.5	0.5
a.51	1	0.0	0.0	0.0	0.0	0.0
a.56	9	1.0	1.0	1.0	1.0	1.0
a.57	1	0.0	0.0	1.0	1.0	1.0
a.54	1	0.0	0.0	0.0	1.0	1.0
a.55	9	0.555555555556	0.777777777778	0.777777777778	0.777777777778	0.777777777778
d.280	1	1.0	1.0	1.0	1.0	1.0
d.374	1	0.0	0.0	0.0	0.0	0.0
a.58	1	0.0	0.0	0.0	0.0	0.0
a.59	2	0.0	0.0	0.5	0.5	0.5
d.371	1	0.0	0.0	0.0	1.0	1.0
d.21	12	0.0833333333333	0.25	0.416666666667	0.416666666667	0.5
d.373	1	1.0	1.0	1.0	1.0	1.0
d.372	1	0.0	0.0	0.0	0.0	0.0
g.32	11	0.0	0.0	0.181818181818	0.181818181818	0.545454545455
g.33	1	0.0	0.0	0.0	0.0	0.0
g.30	2	0.0	0.0	0.0	0.0	0.0
g.31	2	0.5	0.5	0.5	0.5	0.5
g.36	1	0.0	1.0	1.0	1.0	1.0
g.37	98	0.122448979592	0.5	0.724489795918	0.867346938776	0.897959183673
g.34	1	0.0	0.0	0.0	0.0	0.0
g.35	8	0.75	1.0	1.0	1.0	1.0
g.38	8	0.0	0.125	0.125	0.125	0.125
g.39	123	0.487804878049	0.845528455285	0.934959349593	0.967479674797	0.967479674797
b.134	2	1.0	1.0	1.0	1.0	1.0
d.64	6	0.333333333333	0.833333333333	0.833333333333	0.833333333333	0.833333333333
d.65	6	0.833333333333	1.0	1.0	1.0	1.0
d.66	9	0.0	0.222222222222	0.222222222222	0.444444444444	0.666666666667
d.67	14	0.0	0.0714285714286	0.214285714286	0.428571428571	0.642857142857
d.60	4	0.0	0.0	0.0	0.0	0.0
d.61	4	0.75	0.75	0.75	0.75	0.75
d.62	1	1.0	1.0	1.0	1.0	1.0
d.63	5	0.2	0.4	0.6	0.6	0.6
a.288	3	0.0	0.0	0.0	0.0	0.0
a.289	2	0.0	0.5	0.5	1.0	1.0
d.68	28	0.0357142857143	0.428571428571	0.642857142857	0.714285714286	0.75
d.308	4	0.25	0.25	0.25	0.25	0.25
d.309	3	0.666666666667	1.0	1.0	1.0	1.0
d.392	2	0.0	0.0	0.0	0.0	0.0
d.300	2	0.0	0.5	0.5	0.5	0.5
d.301	3	0.0	0.0	0.0	0.0	0.0
d.302	1	0.0	0.0	0.0	0.0	0.0
d.303	4	0.25	0.5	0.75	1.0	1.0
d.304	2	0.0	0.0	0.0	0.0	0.0
d.305	2	0.5	0.5	0.5	0.5	0.5
d.306	3	0.0	0.0	0.333333333333	0.333333333333	0.666666666667
d.307	1	0.0	0.0	0.0	0.0	0.0
d.118	11	0.363636363636	0.636363636364	0.727272727273	0.727272727273	0.727272727273
d.111	4	0.0	0.25	0.75	0.75	0.75
d.110	66	0.348484848485	0.651515151515	0.80303030303	0.848484848485	0.909090909091
d.113	32	0.03125	0.15625	0.25	0.3125	0.46875
d.112	4	0.0	0.25	0.25	0.25	0.25
d.115	7	0.142857142857	0.285714285714	0.857142857143	0.857142857143	0.857142857143
d.114	3	0.0	0.0	0.0	0.0	0.0
d.117	11	0.454545454545	0.818181818182	0.909090909091	0.909090909091	0.909090909091
d.116	4	0.25	0.25	0.25	0.25	0.5
d.289	3	0.333333333333	0.666666666667	1.0	1.0	1.0
d.288	1	1.0	1.0	1.0	1.0	1.0
a.257	2	0.0	1.0	1.0	1.0	1.0
d.281	1	1.0	1.0	1.0	1.0	1.0
b.136	5	0.8	1.0	1.0	1.0	1.0
d.283	2	0.5	0.5	0.5	0.5	0.5
d.282	1	0.0	0.0	1.0	1.0	1.0
d.285	2	0.5	0.5	0.5	1.0	1.0
d.284	4	0.0	0.0	0.25	0.25	0.25
d.287	5	0.0	0.0	0.2	0.4	0.6
d.286	2	0.0	0.0	0.0	0.5	0.5
e.27	1	0.0	0.0	0.0	0.0	0.0
e.26	7	0.714285714286	1.0	1.0	1.0	1.0
e.25	3	0.333333333333	1.0	1.0	1.0	1.0
e.24	5	0.2	0.2	0.2	0.2	0.2
e.23	7	0.571428571429	0.857142857143	0.857142857143	0.857142857143	0.857142857143
e.22	8	0.625	0.875	0.875	1.0	1.0
e.29	7	0.714285714286	0.857142857143	1.0	1.0	1.0
e.28	2	1.0	1.0	1.0	1.0	1.0
b.53	4	0.25	0.25	0.5	0.5	0.75
b.52	28	0.285714285714	0.392857142857	0.535714285714	0.642857142857	0.714285714286
b.51	4	0.0	0.25	0.5	0.5	0.5
b.50	46	0.652173913043	0.934782608696	0.95652173913	0.95652173913	0.95652173913
b.57	6	0.333333333333	0.5	0.5	0.666666666667	0.666666666667
b.56	5	0.0	0.0	0.0	0.0	0.0
b.55	104	0.625	0.884615384615	0.932692307692	0.942307692308	0.951923076923
b.54	1	0.0	0.0	1.0	1.0	1.0
d.382	1	1.0	1.0	1.0	1.0	1.0
b.59	1	1.0	1.0	1.0	1.0	1.0
b.58	8	0.0	0.25	0.5	0.75	0.875
d.278	4	0.0	0.0	0.0	0.0	0.0
d.279	2	1.0	1.0	1.0	1.0	1.0
c.21	5	0.0	0.0	0.0	0.2	0.4
c.20	1	1.0	1.0	1.0	1.0	1.0
c.23	174	0.396551724138	0.862068965517	0.942528735632	0.988505747126	0.988505747126
c.22	5	0.0	0.2	0.4	0.4	0.4
c.25	22	0.272727272727	0.590909090909	0.727272727273	0.772727272727	0.772727272727
c.24	7	0.0	0.0	0.285714285714	0.285714285714	0.285714285714
c.27	6	0.333333333333	0.833333333333	0.833333333333	0.833333333333	0.833333333333
c.26	78	0.307692307692	0.717948717949	0.910256410256	0.961538461538	0.974358974359
c.28	5	0.0	0.0	0.0	0.0	0.2
a.160	6	0.5	0.833333333333	0.833333333333	0.833333333333	0.833333333333
d.269	3	0.666666666667	1.0	1.0	1.0	1.0
d.268	5	0.4	0.6	0.6	0.6	0.6
b.159	4	0.0	0.25	0.25	0.25	0.25
b.158	1	0.0	0.0	0.0	0.0	0.0
b.157	1	0.0	0.0	0.0	0.0	0.0
b.156	1	0.0	1.0	1.0	1.0	1.0
b.155	3	0.666666666667	1.0	1.0	1.0	1.0
b.154	1	0.0	1.0	1.0	1.0	1.0
b.153	2	0.5	0.5	0.5	0.5	0.5
b.152	1	0.0	1.0	1.0	1.0	1.0
b.151	1	0.0	0.0	0.0	0.0	0.0
a.62	1	0.0	0.0	0.0	1.0	1.0
c.101	2	0.0	0.0	0.0	0.0	0.0
c.100	2	0.5	0.5	0.5	0.5	0.5
c.103	5	0.6	0.8	0.8	0.8	0.8
c.102	1	0.0	1.0	1.0	1.0	1.0
c.105	1	1.0	1.0	1.0	1.0	1.0
c.104	2	0.5	1.0	1.0	1.0	1.0
c.107	5	0.2	0.4	0.6	0.6	0.6
c.106	2	0.5	1.0	1.0	1.0	1.0
c.109	4	0.25	0.75	0.75	1.0	1.0
c.108	63	0.809523809524	0.936507936508	0.984126984127	0.984126984127	0.984126984127
d.276	1	0.0	0.0	0.0	0.0	0.0
e.54	1	0.0	0.0	0.0	1.0	1.0
a.254	1	0.0	0.0	0.0	0.0	0.0
d.388	21	0.0	0.0	0.0	0.0	0.0
d.277	1	0.0	0.0	0.0	0.0	0.0
d.262	1	0.0	1.0	1.0	1.0	1.0
d.270	1	0.0	0.0	1.0	1.0	1.0
d.271	1	1.0	1.0	1.0	1.0	1.0
d.27	3	0.0	0.0	0.0	0.0	0.0
d.272	1	0.0	0.0	1.0	1.0	1.0
d.391	7	0.0	0.0	0.0	0.0	0.0
d.273	4	0.0	0.0	0.0	0.0	0.0
d.266	1	0.0	0.0	0.0	0.0	0.0
c.54	4	0.0	0.5	0.75	0.75	0.75
c.55	192	0.515625	0.833333333333	0.947916666667	0.96875	0.979166666667
c.56	78	0.24358974359	0.75641025641	0.884615384615	0.935897435897	0.961538461538
f.18	1	0.0	0.0	1.0	1.0	1.0
c.50	9	0.333333333333	0.444444444444	0.666666666667	0.777777777778	0.777777777778
c.51	33	0.181818181818	0.515151515152	0.727272727273	0.848484848485	0.878787878788
c.52	51	0.137254901961	0.529411764706	0.803921568627	0.882352941176	0.901960784314
c.53	9	0.888888888889	0.888888888889	0.888888888889	0.888888888889	0.888888888889
f.13	8	0.25	1.0	1.0	1.0	1.0
f.12	1	1.0	1.0	1.0	1.0	1.0
f.11	2	0.0	1.0	1.0	1.0	1.0
d.264	5	0.2	0.6	0.8	0.8	0.8
f.17	11	0.0	0.454545454545	0.545454545455	0.545454545455	0.636363636364
c.59	7	0.0	0.571428571429	0.857142857143	0.857142857143	0.857142857143
f.15	2	0.0	0.0	0.0	0.0	0.5
f.14	10	0.8	0.9	0.9	0.9	0.9
a.103	8	0.375	0.875	1.0	1.0	1.0
a.102	53	0.509433962264	0.88679245283	0.943396226415	0.962264150943	1.0
a.101	5	0.2	0.2	0.4	0.4	0.4
a.100	26	0.0769230769231	0.461538461538	0.653846153846	0.769230769231	0.769230769231
d.390	2	0.0	0.0	0.0	0.0	0.0
a.208	2	0.0	0.0	0.5	1.0	1.0
a.104	23	0.695652173913	0.826086956522	0.869565217391	1.0	1.0
a.109	1	0.0	0.0	0.0	0.0	0.0
a.108	7	0.0	0.571428571429	0.857142857143	0.857142857143	1.0
b.106	13	0.153846153846	0.230769230769	0.615384615385	0.615384615385	0.692307692308
e.71	1	0.0	0.0	0.0	0.0	0.0
b.135	1	1.0	1.0	1.0	1.0	1.0
a.144	9	0.444444444444	0.888888888889	1.0	1.0	1.0
a.115	3	0.0	0.0	0.0	0.0	0.0
a.143	4	0.0	0.25	0.5	0.75	0.75
d.252	2	1.0	1.0	1.0	1.0	1.0
b.137	6	0.0	0.0	0.166666666667	0.166666666667	0.5
a.142	2	1.0	1.0	1.0	1.0	1.0
b.126	1	0.0	1.0	1.0	1.0	1.0
g.77	2	0.5	1.0	1.0	1.0	1.0
g.74	5	0.0	0.0	0.0	0.2	0.4
a.117	1	0.0	1.0	1.0	1.0	1.0
g.72	3	0.333333333333	0.666666666667	0.666666666667	0.666666666667	0.666666666667
a.141	2	1.0	1.0	1.0	1.0	1.0
g.70	1	0.0	0.0	0.0	0.0	0.0
g.71	1	0.0	1.0	1.0	1.0	1.0
e.53	2	0.0	0.5	0.5	0.5	0.5
b.131	3	0.0	0.333333333333	0.333333333333	0.666666666667	0.666666666667
b.103	5	0.0	0.2	0.8	0.8	0.8
g.78	1	0.0	1.0	1.0	1.0	1.0
b.130	3	0.666666666667	1.0	1.0	1.0	1.0
a.244	1	1.0	1.0	1.0	1.0	1.0
a.245	2	0.0	0.0	0.0	0.0	0.0
a.246	5	0.0	0.0	0.0	0.0	0.0
a.247	1	0.0	0.0	0.0	0.0	0.0
a.240	2	0.0	0.5	0.5	0.5	0.5
a.241	1	0.0	0.0	1.0	1.0	1.0
a.242	1	1.0	1.0	1.0	1.0	1.0
a.243	3	0.333333333333	0.333333333333	0.333333333333	0.333333333333	0.333333333333
b.132	1	1.0	1.0	1.0	1.0	1.0
a.248	1	0.0	0.0	0.0	0.0	0.0
a.249	1	0.0	1.0	1.0	1.0	1.0
d.28	2	0.0	0.0	0.0	0.0	0.5
d.29	1	0.0	0.0	1.0	1.0	1.0
c.18	10	0.6	0.9	0.9	0.9	0.9
e.50	3	0.666666666667	1.0	1.0	1.0	1.0
d.20	43	0.53488372093	0.790697674419	0.883720930233	0.906976744186	0.953488372093
b.108	6	0.0	0.5	0.833333333333	0.833333333333	0.833333333333
d.22	10	0.7	0.8	1.0	1.0	1.0
d.23	2	0.0	0.0	0.5	0.5	0.5
d.24	14	0.214285714286	0.5	0.571428571429	0.714285714286	0.785714285714
d.25	2	0.0	0.0	0.0	0.0	0.0
d.26	44	0.386363636364	0.840909090909	0.909090909091	0.909090909091	0.931818181818
b.109	4	0.75	1.0	1.0	1.0	1.0
d.353	3	0.0	0.333333333333	1.0	1.0	1.0
f.56	3	0.0	1.0	1.0	1.0	1.0
a.149	4	0.0	0.0	0.5	0.5	0.5
d.352	1	0.0	1.0	1.0	1.0	1.0
a.148	1	0.0	0.0	0.0	0.0	0.0
d.351	1	0.0	0.0	0.0	0.0	0.0
d.341	1	0.0	0.0	0.0	0.0	0.0
a.297	1	0.0	0.0	0.0	0.0	0.0
b.28	1	1.0	1.0	1.0	1.0	1.0
b.29	123	0.707317073171	0.918699186992	0.975609756098	0.975609756098	0.983739837398
d.249	1	0.0	1.0	1.0	1.0	1.0
d.248	3	1.0	1.0	1.0	1.0	1.0
a.296	1	0.0	1.0	1.0	1.0	1.0
b.22	19	0.263157894737	0.473684210526	0.789473684211	0.842105263158	0.894736842105
b.23	11	0.545454545455	1.0	1.0	1.0	1.0
b.20	2	0.5	1.0	1.0	1.0	1.0
b.21	10	0.1	0.4	0.5	0.6	0.7
b.26	24	0.375	0.625	0.833333333333	0.958333333333	0.958333333333
b.27	1	0.0	1.0	1.0	1.0	1.0
b.24	6	0.333333333333	0.333333333333	0.5	0.666666666667	0.666666666667
b.25	4	0.5	0.75	0.75	1.0	1.0
a.294	1	0.0	0.0	0.0	1.0	1.0
d.355	1	0.0	0.0	0.0	0.0	0.0
a.293	1	0.0	0.0	0.0	0.0	1.0
d.354	1	0.0	0.0	0.0	0.0	0.0
a.301	24	0.0	0.0	0.0	0.0	0.0
e.69	1	1.0	1.0	1.0	1.0	1.0
e.68	1	0.0	0.0	1.0	1.0	1.0
a.291	1	0.0	0.0	0.0	1.0	1.0
e.63	2	0.5	0.5	1.0	1.0	1.0
e.62	3	0.0	0.666666666667	0.666666666667	0.666666666667	0.666666666667
e.61	1	0.0	0.0	1.0	1.0	1.0
e.60	2	0.0	0.5	0.5	0.5	0.5
e.67	1	1.0	1.0	1.0	1.0	1.0
e.66	1	0.0	0.0	0.0	0.0	0.0
f.54	1	0.0	0.0	0.0	0.0	0.0
e.64	1	1.0	1.0	1.0	1.0	1.0
a.16	9	0.0	0.0	0.444444444444	0.555555555556	0.555555555556
d.239	1	1.0	1.0	1.0	1.0	1.0
a.14	6	0.0	0.0	0.166666666667	0.166666666667	0.166666666667
a.15	1	0.0	0.0	0.0	0.0	0.0
a.12	1	0.0	0.0	0.0	0.0	0.0
a.13	3	0.666666666667	1.0	1.0	1.0	1.0
a.10	6	0.0	0.0	0.0	0.0	0.0
a.11	11	0.545454545455	0.727272727273	0.909090909091	0.909090909091	0.909090909091
d.230	11	0.272727272727	0.363636363636	0.454545454545	0.454545454545	0.818181818182
d.231	2	0.0	0.5	1.0	1.0	1.0
d.232	2	0.0	0.5	1.0	1.0	1.0
d.233	2	0.5	1.0	1.0	1.0	1.0
d.234	1	0.0	0.0	0.0	0.0	0.0
d.235	3	0.666666666667	0.666666666667	0.666666666667	0.666666666667	1.0
d.236	1	0.0	1.0	1.0	1.0	1.0
a.19	3	0.0	0.333333333333	0.333333333333	0.666666666667	0.666666666667
d.146	2	1.0	1.0	1.0	1.0	1.0
d.147	1	0.0	1.0	1.0	1.0	1.0
d.144	82	0.487804878049	0.829268292683	0.963414634146	1.0	1.0
d.145	26	0.0384615384615	0.230769230769	0.307692307692	0.423076923077	0.5
d.142	38	0.368421052632	0.684210526316	0.815789473684	0.842105263158	0.894736842105
d.143	5	0.8	1.0	1.0	1.0	1.0
d.140	5	0.2	0.2	0.4	0.4	0.6
d.141	11	0.0	0.272727272727	0.454545454545	0.454545454545	0.636363636364
f.53	1	1.0	1.0	1.0	1.0	1.0
d.148	2	0.5	0.5	0.5	1.0	1.0
d.149	3	0.0	0.333333333333	0.666666666667	0.666666666667	0.666666666667
c.6	25	0.64	0.88	0.96	0.96	1.0
c.7	8	0.375	0.75	0.875	0.875	0.875
c.4	9	0.555555555556	0.888888888889	1.0	1.0	1.0
c.5	3	0.333333333333	1.0	1.0	1.0	1.0
c.2	306	0.761437908497	0.950980392157	0.97385620915	0.980392156863	0.993464052288
c.3	100	0.47	0.93	0.96	0.96	0.96
c.1	541	0.719038817006	0.981515711645	0.998151571165	0.998151571165	1.0
f.52	1	0.0	1.0	1.0	1.0	1.0
c.8	35	0.228571428571	0.542857142857	0.571428571429	0.628571428571	0.685714285714
c.9	3	0.333333333333	0.333333333333	0.333333333333	0.333333333333	0.333333333333
f.16	1	1.0	1.0	1.0	1.0	1.0
b.147	1	0.0	0.0	0.0	0.0	0.0
f.51	2	0.0	0.5	0.5	1.0	1.0
d.366	2	0.0	0.5	0.5	0.5	0.5
b.150	1	1.0	1.0	1.0	1.0	1.0
d.99	3	0.333333333333	0.666666666667	1.0	1.0	1.0
d.98	3	0.333333333333	0.666666666667	1.0	1.0	1.0
d.342	1	1.0	1.0	1.0	1.0	1.0
a.219	1	0.0	0.0	1.0	1.0	1.0
d.91	1	0.0	0.0	0.0	0.0	0.0
d.90	12	0.416666666667	0.583333333333	0.666666666667	0.833333333333	0.833333333333
d.93	46	0.521739130435	0.804347826087	0.891304347826	0.934782608696	0.95652173913
d.92	69	0.434782608696	0.782608695652	0.855072463768	0.913043478261	0.913043478261
d.95	15	0.266666666667	0.466666666667	0.533333333333	0.6	0.733333333333
d.94	10	0.1	0.6	0.6	0.7	0.8
d.97	4	0.0	0.25	0.75	1.0	1.0
d.96	19	0.263157894737	0.631578947368	0.736842105263	0.842105263158	0.842105263158
b.104	4	0.0	1.0	1.0	1.0	1.0
c.19	4	1.0	1.0	1.0	1.0	1.0
a.145	2	0.0	1.0	1.0	1.0	1.0
b.107	2	0.0	0.0	0.0	0.0	0.0
b.100	4	0.5	0.75	0.75	0.75	0.75
b.101	1	0.0	0.0	1.0	1.0	1.0
b.102	1	0.0	0.0	0.0	0.0	1.0
a.140	19	0.0	0.0526315789474	0.157894736842	0.263157894737	0.421052631579
c.10	35	0.371428571429	0.685714285714	0.742857142857	0.828571428571	0.828571428571
c.12	5	0.4	0.6	0.6	0.6	0.6
c.13	9	0.333333333333	0.777777777778	0.777777777778	0.888888888889	0.888888888889
c.14	39	0.641025641026	0.897435897436	0.948717948718	0.974358974359	0.974358974359
c.15	10	0.7	1.0	1.0	1.0	1.0
c.16	7	0.0	0.0	0.0	0.0	0.0
c.17	8	0.25	0.625	0.875	0.875	1.0
d.343	1	0.0	0.0	0.0	0.0	1.0
a.282	1	0.0	0.0	1.0	1.0	1.0
a.268	3	0.333333333333	0.333333333333	0.666666666667	0.666666666667	0.666666666667
f.50	1	1.0	1.0	1.0	1.0	1.0
a.269	2	0.0	0.0	0.0	0.0	0.0
d.349	1	0.0	0.0	0.0	0.0	0.0
a.178	1	0.0	0.0	1.0	1.0	1.0
a.284	6	0.0	0.0	0.0	0.166666666667	0.166666666667
d.311	1	0.0	1.0	1.0	1.0	1.0
c.154	2	0.0	1.0	1.0	1.0	1.0
c.152	1	0.0	1.0	1.0	1.0	1.0
a.264	3	0.666666666667	0.666666666667	0.666666666667	1.0	1.0
c.150	4	0.25	0.75	0.75	0.75	1.0
c.151	3	1.0	1.0	1.0	1.0	1.0
