f.62	25
1.0	1.0	1.0	1.0	1.0	1.0	1.0	1.0	1.0	1.0	1.0	1.0	1.0	1.0	1.0	1.0	1.0	0.939655172414	0.965517241379	0.961538461538	0.965517241379	1.0	0.961904761905	1.0	1.0	
1.0	1.0	1.0	1.0	1.0	0.989795918367	1.0	1.0	1.0	1.0	1.0	1.0	1.0	1.0	0.989795918367	0.989795918367	1.0	0.928571428571	0.959183673469	0.938775510204	0.959183673469	1.0	0.948979591837	1.0	1.0	
1.0	1.0	1.0	1.0	1.0	0.988888888889	1.0	1.0	0.988888888889	1.0	0.988888888889	1.0	1.0	1.0	0.988888888889	0.988888888889	1.0	0.922222222222	0.955555555556	0.933333333333	0.955555555556	1.0	0.944444444444	1.0	1.0	
1.0	1.0	1.0	1.0	1.0	1.0	1.0	1.0	1.0	1.0	1.0	1.0	1.0	1.0	0.990740740741	1.0	1.0	0.935185185185	0.962962962963	0.961538461538	0.962962962963	1.0	0.961904761905	1.0	1.0	
1.0	1.0	1.0	1.0	1.0	0.988372093023	1.0	1.0	0.988372093023	1.0	0.988372093023	1.0	1.0	0.988372093023	0.988372093023	0.988372093023	1.0	0.918604651163	0.953488372093	0.93023255814	0.953488372093	1.0	0.941860465116	1.0	1.0	
1.0	0.989795918367	0.988888888889	1.0	0.988372093023	1.0	0.989247311828	1.0	1.0	1.0	1.0	1.0	1.0	1.0	1.0	1.0	0.989130434783	0.928571428571	0.959183673469	0.948979591837	0.959183673469	0.988636363636	0.959183673469	1.0	0.988764044944	
1.0	1.0	1.0	1.0	1.0	0.989247311828	1.0	1.0	1.0	1.0	0.989247311828	1.0	1.0	1.0	0.989247311828	0.989247311828	1.0	0.924731182796	0.956989247312	0.935483870968	0.956989247312	1.0	0.94623655914	1.0	1.0	
1.0	1.0	1.0	1.0	1.0	1.0	1.0	1.0	1.0	1.0	1.0	1.0	1.0	1.0	0.990291262136	0.990291262136	1.0	0.932038834951	0.961165048544	0.941747572816	0.961165048544	1.0	0.95145631068	1.0	1.0	
1.0	1.0	0.988888888889	1.0	0.988372093023	1.0	1.0	1.0	1.0	1.0	1.0	1.0	1.0	1.0	1.0	1.0	0.989130434783	0.923913043478	0.95652173913	0.945652173913	0.95652173913	0.988636363636	0.95652173913	1.0	0.988764044944	
1.0	1.0	1.0	1.0	1.0	1.0	1.0	1.0	1.0	1.0	1.0	1.0	1.0	1.0	1.0	1.0	1.0	0.940170940171	0.965517241379	0.961538461538	0.965811965812	1.0	0.961904761905	1.0	1.0	
1.0	1.0	0.988888888889	1.0	0.988372093023	1.0	0.989247311828	1.0	1.0	1.0	1.0	1.0	1.0	1.0	1.0	1.0	0.989130434783	0.927835051546	0.958762886598	0.948453608247	0.958762886598	0.988636363636	0.958762886598	1.0	0.988764044944	
1.0	1.0	1.0	1.0	1.0	1.0	1.0	1.0	1.0	1.0	1.0	1.0	1.0	1.0	0.990566037736	0.990566037736	1.0	0.933962264151	0.962264150943	0.961538461538	0.962264150943	1.0	0.961904761905	1.0	1.0	
1.0	1.0	1.0	1.0	1.0	1.0	1.0	1.0	1.0	1.0	1.0	1.0	1.0	1.0	0.989898989899	0.989898989899	1.0	0.929292929293	0.959595959596	0.939393939394	0.959595959596	1.0	0.949494949495	1.0	1.0	
1.0	1.0	1.0	1.0	0.988372093023	1.0	1.0	1.0	1.0	1.0	1.0	1.0	1.0	1.0	1.0	1.0	1.0	0.921348314607	0.955056179775	0.943820224719	0.955056179775	0.988636363636	0.955056179775	1.0	0.988764044944	
1.0	0.989795918367	0.988888888889	0.990740740741	0.988372093023	1.0	0.989247311828	0.990291262136	1.0	1.0	1.0	0.990566037736	0.989898989899	1.0	1.0	1.0	0.989130434783	0.938596491228	0.964912280702	0.961538461538	0.964912280702	0.988636363636	0.961904761905	0.990476190476	0.988764044944	
1.0	0.989795918367	0.988888888889	1.0	0.988372093023	1.0	0.989247311828	0.990291262136	1.0	1.0	1.0	0.990566037736	0.989898989899	1.0	1.0	1.0	0.989130434783	0.933962264151	0.962264150943	0.961538461538	0.962264150943	0.988636363636	0.961904761905	0.990476190476	0.988764044944	
1.0	1.0	1.0	1.0	1.0	0.989130434783	1.0	1.0	0.989130434783	1.0	0.989130434783	1.0	1.0	1.0	0.989130434783	0.989130434783	1.0	0.923913043478	0.95652173913	0.934782608696	0.95652173913	1.0	0.945652173913	1.0	1.0	
0.939655172414	0.928571428571	0.922222222222	0.935185185185	0.918604651163	0.928571428571	0.924731182796	0.932038834951	0.923913043478	0.940170940171	0.927835051546	0.933962264151	0.929292929293	0.921348314607	0.938596491228	0.933962264151	0.923913043478	1.0	0.965517241379	0.961538461538	0.965811965812	0.920454545455	0.961904761905	0.933333333333	0.921348314607	
0.965517241379	0.959183673469	0.955555555556	0.962962962963	0.953488372093	0.959183673469	0.956989247312	0.961165048544	0.95652173913	0.965517241379	0.958762886598	0.962264150943	0.959595959596	0.955056179775	0.964912280702	0.962264150943	0.95652173913	0.965517241379	1.0	1.0	1.0	0.954545454545	1.0	0.961904761905	0.955056179775	
0.961538461538	0.938775510204	0.933333333333	0.961538461538	0.93023255814	0.948979591837	0.935483870968	0.941747572816	0.945652173913	0.961538461538	0.948453608247	0.961538461538	0.939393939394	0.943820224719	0.961538461538	0.961538461538	0.934782608696	0.961538461538	1.0	1.0	1.0	0.931818181818	1.0	0.951923076923	0.932584269663	
0.965517241379	0.959183673469	0.955555555556	0.962962962963	0.953488372093	0.959183673469	0.956989247312	0.961165048544	0.95652173913	0.965811965812	0.958762886598	0.962264150943	0.959595959596	0.955056179775	0.964912280702	0.962264150943	0.95652173913	0.965811965812	1.0	1.0	1.0	0.954545454545	1.0	0.961904761905	0.955056179775	
1.0	1.0	1.0	1.0	1.0	0.988636363636	1.0	1.0	0.988636363636	1.0	0.988636363636	1.0	1.0	0.988636363636	0.988636363636	0.988636363636	1.0	0.920454545455	0.954545454545	0.931818181818	0.954545454545	1.0	0.943181818182	1.0	1.0	
0.961904761905	0.948979591837	0.944444444444	0.961904761905	0.941860465116	0.959183673469	0.94623655914	0.95145631068	0.95652173913	0.961904761905	0.958762886598	0.961904761905	0.949494949495	0.955056179775	0.961904761905	0.961904761905	0.945652173913	0.961904761905	1.0	1.0	1.0	0.943181818182	1.0	0.952380952381	0.943820224719	
1.0	1.0	1.0	1.0	1.0	1.0	1.0	1.0	1.0	1.0	1.0	1.0	1.0	1.0	0.990476190476	0.990476190476	1.0	0.933333333333	0.961904761905	0.951923076923	0.961904761905	1.0	0.952380952381	1.0	1.0	
1.0	1.0	1.0	1.0	1.0	0.988764044944	1.0	1.0	0.988764044944	1.0	0.988764044944	1.0	1.0	0.988764044944	0.988764044944	0.988764044944	1.0	0.921348314607	0.955056179775	0.932584269663	0.955056179775	1.0	0.943820224719	1.0	1.0	
Fold f.62 solved.

d.365	1
1.0	
Fold d.365 solved.

a.200	1
1.0	
Fold a.200 solved.

a.204	23
1.0	0.349397590361	0.349397590361	0.33734939759	0.313253012048	0.313253012048	0.313253012048	0.313253012048	0.313253012048	0.349397590361	0.265060240964	0.21686746988	0.240963855422	0.228915662651	0.325301204819	0.397590361446	0.341772151899	0.354430379747	0.313253012048	0.397590361446	0.265060240964	0.228915662651	0.33734939759	
0.349397590361	1.0	1.0	0.989795918367	0.295918367347	0.295918367347	0.285714285714	0.285714285714	0.285714285714	0.775510204082	0.265060240964	0.230769230769	0.275862068966	0.229885057471	0.285714285714	0.322222222222	0.341772151899	0.354430379747	0.295918367347	0.318681318681	0.261904761905	0.217391304348	0.989795918367	
0.349397590361	1.0	1.0	1.0	0.29	0.29	0.28	0.28	0.28	0.78	0.265060240964	0.230769230769	0.275862068966	0.229885057471	0.3	0.322222222222	0.341772151899	0.354430379747	0.29	0.318681318681	0.261904761905	0.228260869565	0.99	
0.33734939759	0.989795918367	1.0	1.0	0.295918367347	0.295918367347	0.285714285714	0.285714285714	0.285714285714	0.775510204082	0.265060240964	0.208791208791	0.275862068966	0.229885057471	0.295918367347	0.3	0.354430379747	0.354430379747	0.295918367347	0.307692307692	0.261904761905	0.228260869565	1.0	
0.313253012048	0.295918367347	0.29	0.295918367347	1.0	1.0	0.990196078431	0.990099009901	1.0	0.281553398058	0.313253012048	0.274725274725	0.275862068966	0.310344827586	0.36	0.288888888889	0.341772151899	0.329113924051	0.990384615385	0.296703296703	0.309523809524	0.20652173913	0.272727272727	
0.313253012048	0.295918367347	0.29	0.295918367347	1.0	1.0	0.990196078431	0.990099009901	1.0	0.281553398058	0.313253012048	0.263736263736	0.275862068966	0.287356321839	0.36	0.3	0.341772151899	0.341772151899	0.990384615385	0.296703296703	0.309523809524	0.20652173913	0.266055045872	
0.313253012048	0.285714285714	0.28	0.285714285714	0.990196078431	0.990196078431	1.0	1.0	1.0	0.264705882353	0.313253012048	0.21978021978	0.275862068966	0.229885057471	0.33	0.3	0.341772151899	0.341772151899	1.0	0.296703296703	0.309523809524	0.20652173913	0.274509803922	
0.313253012048	0.285714285714	0.28	0.285714285714	0.990099009901	0.990099009901	1.0	1.0	0.990099009901	0.267326732673	0.313253012048	0.21978021978	0.252873563218	0.218390804598	0.32	0.3	0.341772151899	0.341772151899	1.0	0.296703296703	0.321428571429	0.20652173913	0.277227722772	
0.313253012048	0.285714285714	0.28	0.285714285714	1.0	1.0	1.0	0.990099009901	1.0	0.267326732673	0.313253012048	0.252747252747	0.275862068966	0.241379310345	0.33	0.3	0.341772151899	0.341772151899	1.0	0.296703296703	0.309523809524	0.20652173913	0.277227722772	
0.349397590361	0.775510204082	0.78	0.775510204082	0.281553398058	0.281553398058	0.264705882353	0.267326732673	0.267326732673	1.0	0.277108433735	0.21978021978	0.206896551724	0.264367816092	0.26	0.355555555556	0.354430379747	0.379746835443	0.271844660194	0.351648351648	0.27380952381	0.25	0.776699029126	
0.265060240964	0.265060240964	0.265060240964	0.265060240964	0.313253012048	0.313253012048	0.313253012048	0.313253012048	0.313253012048	0.277108433735	1.0	0.204819277108	0.240963855422	0.192771084337	0.228915662651	0.277108433735	0.227848101266	0.253164556962	0.313253012048	0.265060240964	1.0	0.301204819277	0.265060240964	
0.21686746988	0.230769230769	0.230769230769	0.208791208791	0.274725274725	0.263736263736	0.21978021978	0.21978021978	0.252747252747	0.21978021978	0.204819277108	1.0	0.287356321839	0.344827586207	0.230769230769	0.222222222222	0.227848101266	0.240506329114	0.21978021978	0.208791208791	0.190476190476	0.406593406593	0.230769230769	
0.240963855422	0.275862068966	0.275862068966	0.275862068966	0.275862068966	0.275862068966	0.275862068966	0.252873563218	0.275862068966	0.206896551724	0.240963855422	0.287356321839	1.0	0.620689655172	0.218390804598	0.264367816092	0.240506329114	0.240506329114	0.275862068966	0.264367816092	0.238095238095	0.264367816092	0.275862068966	
0.228915662651	0.229885057471	0.229885057471	0.229885057471	0.310344827586	0.287356321839	0.229885057471	0.218390804598	0.241379310345	0.264367816092	0.192771084337	0.344827586207	0.620689655172	1.0	0.252873563218	0.218390804598	0.215189873418	0.215189873418	0.275862068966	0.206896551724	0.142857142857	0.32183908046	0.229885057471	
0.325301204819	0.285714285714	0.3	0.295918367347	0.36	0.36	0.33	0.32	0.33	0.26	0.228915662651	0.230769230769	0.218390804598	0.252873563218	1.0	0.288888888889	0.291139240506	0.291139240506	0.33	0.307692307692	0.22619047619	0.29347826087	0.28	
0.397590361446	0.322222222222	0.322222222222	0.3	0.288888888889	0.3	0.3	0.3	0.3	0.355555555556	0.277108433735	0.222222222222	0.264367816092	0.218390804598	0.288888888889	1.0	0.987341772152	1.0	0.3	1.0	0.261904761905	0.311111111111	0.311111111111	
0.341772151899	0.341772151899	0.341772151899	0.354430379747	0.341772151899	0.341772151899	0.341772151899	0.341772151899	0.341772151899	0.354430379747	0.227848101266	0.227848101266	0.240506329114	0.215189873418	0.291139240506	0.987341772152	1.0	0.987341772152	0.341772151899	1.0	0.26582278481	0.291139240506	0.367088607595	
0.354430379747	0.354430379747	0.354430379747	0.354430379747	0.329113924051	0.341772151899	0.341772151899	0.341772151899	0.341772151899	0.379746835443	0.253164556962	0.240506329114	0.240506329114	0.215189873418	0.291139240506	1.0	0.987341772152	1.0	0.341772151899	1.0	0.215189873418	0.303797468354	0.367088607595	
0.313253012048	0.295918367347	0.29	0.295918367347	0.990384615385	0.990384615385	1.0	1.0	1.0	0.271844660194	0.313253012048	0.21978021978	0.275862068966	0.275862068966	0.33	0.3	0.341772151899	0.341772151899	1.0	0.296703296703	0.309523809524	0.195652173913	0.278846153846	
0.397590361446	0.318681318681	0.318681318681	0.307692307692	0.296703296703	0.296703296703	0.296703296703	0.296703296703	0.296703296703	0.351648351648	0.265060240964	0.208791208791	0.264367816092	0.206896551724	0.307692307692	1.0	1.0	1.0	0.296703296703	1.0	0.285714285714	0.307692307692	0.318681318681	
0.265060240964	0.261904761905	0.261904761905	0.261904761905	0.309523809524	0.309523809524	0.309523809524	0.321428571429	0.309523809524	0.27380952381	1.0	0.190476190476	0.238095238095	0.142857142857	0.22619047619	0.261904761905	0.26582278481	0.215189873418	0.309523809524	0.285714285714	1.0	0.297619047619	0.27380952381	
0.228915662651	0.217391304348	0.228260869565	0.228260869565	0.20652173913	0.20652173913	0.20652173913	0.20652173913	0.20652173913	0.25	0.301204819277	0.406593406593	0.264367816092	0.32183908046	0.29347826087	0.311111111111	0.291139240506	0.303797468354	0.195652173913	0.307692307692	0.297619047619	1.0	0.271739130435	
0.33734939759	0.989795918367	0.99	1.0	0.272727272727	0.266055045872	0.274509803922	0.277227722772	0.277227722772	0.776699029126	0.265060240964	0.230769230769	0.275862068966	0.229885057471	0.28	0.311111111111	0.367088607595	0.367088607595	0.278846153846	0.318681318681	0.27380952381	0.271739130435	1.0	
Fold a.204 solved.

a.48	17
1.0	1.0	0.315384615385	0.238461538462	0.238461538462	0.233333333333	0.2875	0.277108433735	0.303797468354	0.272727272727	0.269230769231	0.289156626506	0.180327868852	0.198275862069	0.748031496063	0.169230769231	0.280487804878	
1.0	1.0	0.312977099237	0.236641221374	0.236641221374	0.222222222222	0.2875	0.277108433735	0.303797468354	0.272727272727	0.269230769231	0.277108433735	0.180327868852	0.198275862069	0.748031496063	0.175572519084	0.280487804878	
0.315384615385	0.312977099237	1.0	0.21897810219	0.226277372263	0.188888888889	0.2375	0.228915662651	0.240506329114	0.227272727273	0.230769230769	0.228915662651	0.254098360656	0.25	0.307086614173	0.189781021898	0.243902439024	
0.238461538462	0.236641221374	0.21897810219	1.0	0.993243243243	0.244444444444	0.25	0.240963855422	0.253164556962	0.25	0.24358974359	0.228915662651	0.204918032787	0.198275862069	0.220472440945	0.256756756757	0.243902439024	
0.238461538462	0.236641221374	0.226277372263	0.993243243243	1.0	0.244444444444	0.2625	0.253012048193	0.26582278481	0.261363636364	0.269230769231	0.240963855422	0.204918032787	0.189655172414	0.173228346457	0.236842105263	0.256097560976	
0.233333333333	0.222222222222	0.188888888889	0.244444444444	0.244444444444	1.0	0.1625	0.156626506024	0.164556962025	0.170454545455	0.192307692308	0.156626506024	0.222222222222	0.211111111111	0.2	0.266666666667	0.170731707317	
0.2875	0.2875	0.2375	0.25	0.2625	0.1625	1.0	1.0	1.0	0.9875	0.948717948718	1.0	0.175	0.1875	0.275	0.225	0.9875	
0.277108433735	0.277108433735	0.228915662651	0.240963855422	0.253012048193	0.156626506024	1.0	1.0	1.0	0.987951807229	0.987179487179	0.963855421687	0.180722891566	0.156626506024	0.301204819277	0.240963855422	1.0	
0.303797468354	0.303797468354	0.240506329114	0.253164556962	0.26582278481	0.164556962025	1.0	1.0	1.0	0.987341772152	0.935897435897	1.0	0.177215189873	0.189873417722	0.278481012658	0.227848101266	0.987341772152	
0.272727272727	0.272727272727	0.227272727273	0.25	0.261363636364	0.170454545455	0.9875	0.987951807229	0.987341772152	1.0	1.0	0.951807228916	0.136363636364	0.136363636364	0.261363636364	0.227272727273	1.0	
0.269230769231	0.269230769231	0.230769230769	0.24358974359	0.269230769231	0.192307692308	0.948717948718	0.987179487179	0.935897435897	1.0	1.0	0.948717948718	0.205128205128	0.179487179487	0.282051282051	0.230769230769	0.987179487179	
0.289156626506	0.277108433735	0.228915662651	0.228915662651	0.240963855422	0.156626506024	1.0	0.963855421687	1.0	0.951807228916	0.948717948718	1.0	0.180722891566	0.180722891566	0.289156626506	0.144578313253	0.963414634146	
0.180327868852	0.180327868852	0.254098360656	0.204918032787	0.204918032787	0.222222222222	0.175	0.180722891566	0.177215189873	0.136363636364	0.205128205128	0.180722891566	1.0	1.0	0.196721311475	0.172131147541	0.182926829268	
0.198275862069	0.198275862069	0.25	0.198275862069	0.189655172414	0.211111111111	0.1875	0.156626506024	0.189873417722	0.136363636364	0.179487179487	0.180722891566	1.0	1.0	0.181034482759	0.172413793103	0.146341463415	
0.748031496063	0.748031496063	0.307086614173	0.220472440945	0.173228346457	0.2	0.275	0.301204819277	0.278481012658	0.261363636364	0.282051282051	0.289156626506	0.196721311475	0.181034482759	1.0	0.188976377953	0.30487804878	
0.169230769231	0.175572519084	0.189781021898	0.256756756757	0.236842105263	0.266666666667	0.225	0.240963855422	0.227848101266	0.227272727273	0.230769230769	0.144578313253	0.172131147541	0.172413793103	0.188976377953	1.0	0.243902439024	
0.280487804878	0.280487804878	0.243902439024	0.243902439024	0.256097560976	0.170731707317	0.9875	1.0	0.987341772152	1.0	0.987179487179	0.963414634146	0.182926829268	0.146341463415	0.30487804878	0.243902439024	1.0	
Fold a.48 solved.

d.369	3
1.0	0.237037037037	0.222222222222	
0.237037037037	1.0	1.0	
0.222222222222	1.0	1.0	
Fold d.369 solved.

d.366	5
1.0	1.0	0.702380952381	1.0	1.0	
1.0	1.0	0.714285714286	1.0	1.0	
0.702380952381	0.714285714286	1.0	0.714285714286	0.702380952381	
1.0	1.0	0.714285714286	1.0	1.0	
1.0	1.0	0.702380952381	1.0	1.0	
Fold d.366 solved.

d.367	9
1.0	0.979381443299	0.276595744681	0.430379746835	0.40206185567	0.40206185567	0.39175257732	0.979381443299	0.412371134021	
0.979381443299	1.0	0.287234042553	0.443037974684	0.42	0.4	0.42	0.99	0.42	
0.276595744681	0.287234042553	1.0	0.278481012658	0.276595744681	0.287234042553	0.287234042553	0.265957446809	0.287234042553	
0.430379746835	0.443037974684	0.278481012658	1.0	0.746835443038	0.708860759494	0.746835443038	0.443037974684	0.73417721519	
0.40206185567	0.42	0.276595744681	0.746835443038	1.0	0.98	0.973684210526	0.449541284404	0.991666666667	
0.40206185567	0.4	0.287234042553	0.708860759494	0.98	1.0	0.99	0.44	0.98	
0.39175257732	0.42	0.287234042553	0.746835443038	0.973684210526	0.99	1.0	0.43119266055	0.964912280702	
0.979381443299	0.99	0.265957446809	0.443037974684	0.449541284404	0.44	0.43119266055	1.0	0.43119266055	
0.412371134021	0.42	0.287234042553	0.73417721519	0.991666666667	0.98	0.964912280702	0.43119266055	1.0	
Fold d.367 solved.

a.47	12
1.0	0.140495867769	0.148760330579	0.165289256198	0.148760330579	0.191666666667	0.175925925926	0.268041237113	0.23595505618	0.157024793388	0.182692307692	1.0	
0.140495867769	1.0	0.99173553719	0.727272727273	0.727272727273	0.716666666667	0.240740740741	0.278350515464	0.191011235955	0.561983471074	0.230769230769	0.152542372881	
0.148760330579	0.99173553719	1.0	0.717741935484	0.717741935484	0.716666666667	0.222222222222	0.257731958763	0.202247191011	0.548387096774	0.230769230769	0.14406779661	
0.165289256198	0.727272727273	0.717741935484	1.0	0.991935483871	0.991666666667	0.268518518519	0.226804123711	0.213483146067	0.701612903226	0.326923076923	0.14406779661	
0.148760330579	0.727272727273	0.717741935484	0.991935483871	1.0	0.991666666667	0.268518518519	0.226804123711	0.213483146067	0.693548387097	0.326923076923	0.152542372881	
0.191666666667	0.716666666667	0.716666666667	0.991666666667	0.991666666667	1.0	0.277777777778	0.226804123711	0.213483146067	0.708333333333	0.336538461538	0.194915254237	
0.175925925926	0.240740740741	0.222222222222	0.268518518519	0.268518518519	0.277777777778	1.0	0.19587628866	0.202247191011	0.212962962963	0.701923076923	0.175925925926	
0.268041237113	0.278350515464	0.257731958763	0.226804123711	0.226804123711	0.226804123711	0.19587628866	1.0	0.224719101124	0.237113402062	0.19587628866	0.226804123711	
0.23595505618	0.191011235955	0.202247191011	0.213483146067	0.213483146067	0.213483146067	0.202247191011	0.224719101124	1.0	0.247191011236	0.292134831461	0.23595505618	
0.157024793388	0.561983471074	0.548387096774	0.701612903226	0.693548387097	0.708333333333	0.212962962963	0.237113402062	0.247191011236	1.0	0.336538461538	0.161016949153	
0.182692307692	0.230769230769	0.230769230769	0.326923076923	0.326923076923	0.336538461538	0.701923076923	0.19587628866	0.292134831461	0.336538461538	1.0	0.182692307692	
1.0	0.152542372881	0.14406779661	0.14406779661	0.152542372881	0.194915254237	0.175925925926	0.226804123711	0.23595505618	0.161016949153	0.182692307692	1.0	
Fold a.47 solved.

a.46	14
1.0	0.289855072464	0.276923076923	0.185714285714	0.246376811594	0.191176470588	0.157142857143	0.212121212121	0.242857142857	0.228571428571	0.142857142857	0.242857142857	0.179104477612	0.285714285714	
0.289855072464	1.0	0.415384615385	0.246376811594	0.188405797101	0.205882352941	0.231884057971	0.212121212121	0.188405797101	0.202898550725	0.289855072464	0.188405797101	0.208955223881	1.0	
0.276923076923	0.415384615385	1.0	0.276923076923	0.184615384615	0.2	0.246153846154	0.184615384615	0.2	0.230769230769	0.261538461538	0.184615384615	0.184615384615	0.430769230769	
0.185714285714	0.246376811594	0.276923076923	1.0	0.449275362319	0.411764705882	0.671428571429	0.424242424242	0.457142857143	0.642857142857	0.242857142857	0.442857142857	0.417910447761	0.214285714286	
0.246376811594	0.188405797101	0.184615384615	0.449275362319	1.0	0.352941176471	0.507246376812	0.378787878788	1.0	0.507246376812	0.202898550725	1.0	0.358208955224	0.188405797101	
0.191176470588	0.205882352941	0.2	0.411764705882	0.352941176471	1.0	0.323529411765	1.0	0.352941176471	0.308823529412	0.191176470588	0.352941176471	1.0	0.205882352941	
0.157142857143	0.231884057971	0.246153846154	0.671428571429	0.507246376812	0.323529411765	1.0	0.333333333333	0.514285714286	0.7	0.2	0.5	0.328358208955	0.242857142857	
0.212121212121	0.212121212121	0.184615384615	0.424242424242	0.378787878788	1.0	0.333333333333	1.0	0.363636363636	0.318181818182	0.212121212121	0.363636363636	1.0	0.272727272727	
0.242857142857	0.188405797101	0.2	0.457142857143	1.0	0.352941176471	0.514285714286	0.363636363636	1.0	0.514285714286	0.214285714286	0.985714285714	0.373134328358	0.2	
0.228571428571	0.202898550725	0.230769230769	0.642857142857	0.507246376812	0.308823529412	0.7	0.318181818182	0.514285714286	1.0	0.214285714286	0.5	0.313432835821	0.214285714286	
0.142857142857	0.289855072464	0.261538461538	0.242857142857	0.202898550725	0.191176470588	0.2	0.212121212121	0.214285714286	0.214285714286	1.0	0.2	0.223880597015	0.3	
0.242857142857	0.188405797101	0.184615384615	0.442857142857	1.0	0.352941176471	0.5	0.363636363636	0.985714285714	0.5	0.2	1.0	0.373134328358	0.185714285714	
0.179104477612	0.208955223881	0.184615384615	0.417910447761	0.358208955224	1.0	0.328358208955	1.0	0.373134328358	0.313432835821	0.223880597015	0.373134328358	1.0	0.208955223881	
0.285714285714	1.0	0.430769230769	0.214285714286	0.188405797101	0.205882352941	0.242857142857	0.272727272727	0.2	0.214285714286	0.3	0.185714285714	0.208955223881	1.0	
Fold a.46 solved.

a.41	13
1.0	0.34328358209	0.340909090909	0.4	0.350746268657	0.851851851852	0.848484848485	0.859259259259	0.859259259259	0.851851851852	0.857142857143	0.346153846154	0.859259259259	
0.34328358209	1.0	1.0	0.373134328358	0.865671641791	0.34328358209	0.340909090909	0.350746268657	0.350746268657	0.34328358209	0.345864661654	0.861538461538	0.350746268657	
0.340909090909	1.0	1.0	0.378787878788	0.863636363636	0.340909090909	0.340909090909	0.348484848485	0.348484848485	0.340909090909	0.348484848485	0.861538461538	0.348484848485	
0.4	0.373134328358	0.378787878788	1.0	0.380597014925	0.392592592593	0.393939393939	0.382352941176	0.392592592593	0.382352941176	0.398496240602	0.384615384615	0.386861313869	
0.350746268657	0.865671641791	0.863636363636	0.380597014925	1.0	0.365671641791	0.363636363636	0.365671641791	0.365671641791	0.365671641791	0.360902255639	1.0	0.365671641791	
0.851851851852	0.34328358209	0.340909090909	0.392592592593	0.365671641791	1.0	1.0	0.992592592593	0.992592592593	1.0	0.992481203008	0.361538461538	0.992592592593	
0.848484848485	0.340909090909	0.340909090909	0.393939393939	0.363636363636	1.0	1.0	0.992424242424	0.992424242424	1.0	0.992424242424	0.361538461538	0.992424242424	
0.859259259259	0.350746268657	0.348484848485	0.382352941176	0.365671641791	0.992592592593	0.992424242424	1.0	1.0	0.985294117647	1.0	0.361538461538	0.992647058824	
0.859259259259	0.350746268657	0.348484848485	0.392592592593	0.365671641791	0.992592592593	0.992424242424	1.0	1.0	0.992592592593	1.0	0.361538461538	1.0	
0.851851851852	0.34328358209	0.340909090909	0.382352941176	0.365671641791	1.0	1.0	0.985294117647	0.992592592593	1.0	0.992481203008	0.361538461538	0.985294117647	
0.857142857143	0.345864661654	0.348484848485	0.398496240602	0.360902255639	0.992481203008	0.992424242424	1.0	1.0	0.992481203008	1.0	0.369230769231	1.0	
0.346153846154	0.861538461538	0.861538461538	0.384615384615	1.0	0.361538461538	0.361538461538	0.361538461538	0.361538461538	0.361538461538	0.369230769231	1.0	0.361538461538	
0.859259259259	0.350746268657	0.348484848485	0.386861313869	0.365671641791	0.992592592593	0.992424242424	0.992647058824	1.0	0.985294117647	1.0	0.361538461538	1.0	
Fold a.41 solved.

d.363	1
1.0	
Fold d.363 solved.

a.43	11
1.0	0.210526315789	0.179104477612	0.176470588235	0.25	0.171052631579	0.157894736842	0.236842105263	0.169230769231	0.236842105263	0.190476190476	
0.210526315789	1.0	0.208955223881	0.191176470588	0.203125	0.25641025641	0.197674418605	0.158536585366	0.2	0.162790697674	0.190476190476	
0.179104477612	0.208955223881	1.0	1.0	1.0	0.208955223881	0.253731343284	0.223880597015	1.0	0.238805970149	1.0	
0.176470588235	0.191176470588	1.0	1.0	1.0	0.235294117647	0.220588235294	0.220588235294	1.0	0.176470588235	1.0	
0.25	0.203125	1.0	1.0	1.0	0.234375	0.234375	0.234375	1.0	0.1875	1.0	
0.171052631579	0.25641025641	0.208955223881	0.235294117647	0.234375	1.0	0.217948717949	0.230769230769	0.215384615385	0.166666666667	0.222222222222	
0.157894736842	0.197674418605	0.253731343284	0.220588235294	0.234375	0.217948717949	1.0	0.317073170732	0.230769230769	0.201923076923	0.238095238095	
0.236842105263	0.158536585366	0.223880597015	0.220588235294	0.234375	0.230769230769	0.317073170732	1.0	0.246153846154	0.182926829268	0.238095238095	
0.169230769231	0.2	1.0	1.0	1.0	0.215384615385	0.230769230769	0.246153846154	1.0	0.184615384615	1.0	
0.236842105263	0.162790697674	0.238805970149	0.176470588235	0.1875	0.166666666667	0.201923076923	0.182926829268	0.184615384615	1.0	0.190476190476	
0.190476190476	0.190476190476	1.0	1.0	1.0	0.222222222222	0.238095238095	0.238095238095	1.0	0.190476190476	1.0	
Fold a.43 solved.

d.361	4
1.0	1.0	1.0	1.0	
1.0	1.0	1.0	1.0	
1.0	1.0	1.0	1.0	
1.0	1.0	1.0	1.0	
Fold d.361 solved.

g.28	5
1.0	0.323076923077	0.4	0.415384615385	0.415384615385	
0.323076923077	1.0	0.367088607595	0.375	0.3875	
0.4	0.367088607595	1.0	0.379746835443	0.430379746835	
0.415384615385	0.375	0.379746835443	1.0	0.44578313253	
0.415384615385	0.3875	0.430379746835	0.44578313253	1.0	
Fold g.28 solved.

g.21	15
1.0	0.992	1.0	0.785123966942	0.983870967742	1.0	0.477064220183	0.481818181818	0.434426229508	0.429752066116	0.427419354839	0.445378151261	0.45	0.477876106195	0.435483870968	
0.992	1.0	0.992	0.776859504132	0.975806451613	0.991935483871	0.467889908257	0.472727272727	0.426229508197	0.421487603306	0.41935483871	0.436974789916	0.441666666667	0.469026548673	0.427419354839	
1.0	0.992	1.0	0.785123966942	0.983870967742	1.0	0.477064220183	0.481818181818	0.44262295082	0.438016528926	0.435483870968	0.445378151261	0.45	0.469026548673	0.427419354839	
0.785123966942	0.776859504132	0.785123966942	1.0	0.809917355372	0.793388429752	0.422018348624	0.427272727273	0.396694214876	0.388429752066	0.388429752066	0.394957983193	0.4	0.41592920354	0.388429752066	
0.983870967742	0.975806451613	0.983870967742	0.809917355372	1.0	0.983870967742	0.477064220183	0.481818181818	0.44262295082	0.438016528926	0.435483870968	0.445378151261	0.45	0.477876106195	0.435483870968	
1.0	0.991935483871	1.0	0.793388429752	0.983870967742	1.0	0.477064220183	0.481818181818	0.434426229508	0.429752066116	0.427419354839	0.445378151261	0.45	0.477876106195	0.435483870968	
0.477064220183	0.467889908257	0.477064220183	0.422018348624	0.477064220183	0.477064220183	1.0	1.0	1.0	1.0	1.0	1.0	1.0	1.0	1.0	
0.481818181818	0.472727272727	0.481818181818	0.427272727273	0.481818181818	0.481818181818	1.0	1.0	1.0	0.990909090909	1.0	0.990909090909	1.0	1.0	1.0	
0.434426229508	0.426229508197	0.44262295082	0.396694214876	0.44262295082	0.434426229508	1.0	1.0	1.0	1.0	1.0	1.0	1.0	0.991150442478	1.0	
0.429752066116	0.421487603306	0.438016528926	0.388429752066	0.438016528926	0.429752066116	1.0	0.990909090909	1.0	1.0	1.0	1.0	0.991666666667	0.982300884956	1.0	
0.427419354839	0.41935483871	0.435483870968	0.388429752066	0.435483870968	0.427419354839	1.0	1.0	1.0	1.0	1.0	1.0	1.0	1.0	0.991935483871	
0.445378151261	0.436974789916	0.445378151261	0.394957983193	0.445378151261	0.445378151261	1.0	0.990909090909	1.0	1.0	1.0	1.0	1.0	0.982300884956	1.0	
0.45	0.441666666667	0.45	0.4	0.45	0.45	1.0	1.0	1.0	0.991666666667	1.0	1.0	1.0	0.991150442478	1.0	
0.477876106195	0.469026548673	0.469026548673	0.41592920354	0.477876106195	0.477876106195	1.0	1.0	0.991150442478	0.982300884956	1.0	0.982300884956	0.991150442478	1.0	1.0	
0.435483870968	0.427419354839	0.427419354839	0.388429752066	0.435483870968	0.435483870968	1.0	1.0	1.0	1.0	0.991935483871	1.0	1.0	1.0	1.0	
Fold g.21 solved.

g.23	2
1.0	0.342465753425	
0.342465753425	1.0	
Fold g.23 solved.

g.22	3
1.0	0.3	1.0	
0.3	1.0	0.316666666667	
1.0	0.316666666667	1.0	
Fold g.22 solved.

d.77	11
1.0	0.318181818182	0.318181818182	0.393939393939	0.396946564885	0.403100775194	0.454545454545	0.454545454545	0.393939393939	0.318181818182	0.287878787879	
0.318181818182	1.0	1.0	0.276595744681	0.282442748092	0.294573643411	0.313868613139	0.320895522388	0.269503546099	1.0	0.350364963504	
0.318181818182	1.0	1.0	0.273381294964	0.282442748092	0.286821705426	0.313868613139	0.320895522388	0.280575539568	1.0	0.350364963504	
0.393939393939	0.276595744681	0.273381294964	1.0	0.335877862595	0.333333333333	0.350364963504	0.358208955224	0.992957746479	0.267605633803	0.226277372263	
0.396946564885	0.282442748092	0.282442748092	0.335877862595	1.0	1.0	0.396946564885	0.396946564885	0.335877862595	0.290076335878	0.30534351145	
0.403100775194	0.294573643411	0.286821705426	0.333333333333	1.0	1.0	0.403100775194	0.403100775194	0.333333333333	0.286821705426	0.294573643411	
0.454545454545	0.313868613139	0.313868613139	0.350364963504	0.396946564885	0.403100775194	1.0	1.0	0.350364963504	0.313868613139	0.299270072993	
0.454545454545	0.320895522388	0.320895522388	0.358208955224	0.396946564885	0.403100775194	1.0	1.0	0.358208955224	0.320895522388	0.291044776119	
0.393939393939	0.269503546099	0.280575539568	0.992957746479	0.335877862595	0.333333333333	0.350364963504	0.358208955224	1.0	0.274647887324	0.21897810219	
0.318181818182	1.0	1.0	0.267605633803	0.290076335878	0.286821705426	0.313868613139	0.320895522388	0.274647887324	1.0	0.350364963504	
0.287878787879	0.350364963504	0.350364963504	0.226277372263	0.30534351145	0.294573643411	0.299270072993	0.291044776119	0.21897810219	0.350364963504	1.0	
Fold d.77 solved.

d.76	3
1.0	0.383333333333	0.466666666667	
0.383333333333	1.0	0.385714285714	
0.466666666667	0.385714285714	1.0	
Fold d.76 solved.

d.75	7
1.0	0.28	0.293333333333	0.346666666667	0.28	0.293333333333	0.293333333333	
0.28	1.0	1.0	0.365217391304	0.991304347826	0.991304347826	1.0	
0.293333333333	1.0	1.0	0.370689655172	0.991304347826	0.991304347826	1.0	
0.346666666667	0.365217391304	0.370689655172	1.0	0.35652173913	0.35652173913	0.398058252427	
0.28	0.991304347826	0.991304347826	0.35652173913	1.0	0.991304347826	0.990291262136	
0.293333333333	0.991304347826	0.991304347826	0.35652173913	0.991304347826	1.0	0.990291262136	
0.293333333333	1.0	1.0	0.398058252427	0.990291262136	0.990291262136	1.0	
Fold d.75 solved.

d.74	37
1.0	0.666666666667	0.375	0.341772151899	0.878787878788	0.989795918367	0.68	0.686868686869	0.683673469388	0.68	0.364583333333	0.207317073171	0.253521126761	0.211267605634	0.208333333333	0.219178082192	0.211267605634	0.189873417722	0.189189189189	0.192307692308	0.189873417722	0.210526315789	0.19	0.23	0.27	0.19	0.19	0.23	0.16	0.238095238095	0.443298969072	0.676767676768	0.67	0.23	1.0	0.19	0.132653061224	
0.666666666667	1.0	0.325	0.316455696203	0.626262626263	0.673469387755	0.989898989899	0.979797979798	0.989795918367	0.979797979798	0.322916666667	0.207317073171	0.197183098592	0.197183098592	0.194444444444	0.205479452055	0.281690140845	0.215189873418	0.216216216216	0.166666666667	0.164556962025	0.184210526316	0.121212121212	0.222222222222	0.242424242424	0.20202020202	0.222222222222	0.20202020202	0.20202020202	0.190476190476	0.505154639175	0.989898989899	1.0	0.191919191919	0.663265306122	0.20202020202	0.122448979592	
0.375	0.325	1.0	0.987341772152	0.35	0.3625	0.325	0.3125	0.3125	0.3125	0.275	0.225	0.211267605634	0.281690140845	0.277777777778	0.27397260274	0.197183098592	0.177215189873	0.202702702703	0.179487179487	0.20253164557	0.184210526316	0.1875	0.15	0.275	0.2875	0.3125	0.2875	0.2375	0.1875	0.3375	0.3125	0.325	0.3125	0.3625	0.1625	0.1875	
0.341772151899	0.316455696203	0.987341772152	1.0	0.354430379747	0.329113924051	0.316455696203	0.329113924051	0.329113924051	0.329113924051	0.278481012658	0.240506329114	0.211267605634	0.267605633803	0.25	0.246575342466	0.197183098592	0.151898734177	0.162162162162	0.217948717949	0.215189873418	0.223684210526	0.164556962025	0.164556962025	0.26582278481	0.291139240506	0.291139240506	0.341772151899	0.240506329114	0.177215189873	0.341772151899	0.329113924051	0.316455696203	0.329113924051	0.329113924051	0.177215189873	0.164556962025	
0.878787878788	0.626262626263	0.35	0.354430379747	1.0	0.867346938776	0.636363636364	0.636363636364	0.642857142857	0.636363636364	0.375	0.207317073171	0.197183098592	0.225352112676	0.222222222222	0.205479452055	0.197183098592	0.227848101266	0.175675675676	0.205128205128	0.20253164557	0.210526315789	0.151515151515	0.242424242424	0.262626262626	0.181818181818	0.20202020202	0.242424242424	0.181818181818	0.25	0.443298969072	0.626262626263	0.626262626263	0.222222222222	0.877551020408	0.222222222222	0.15306122449	
0.989795918367	0.673469387755	0.3625	0.329113924051	0.867346938776	1.0	0.673469387755	0.673469387755	0.663265306122	0.673469387755	0.34375	0.19512195122	0.239436619718	0.225352112676	0.222222222222	0.219178082192	0.211267605634	0.189873417722	0.202702702703	0.192307692308	0.189873417722	0.210526315789	0.19387755102	0.224489795918	0.265306122449	0.214285714286	0.204081632653	0.19387755102	0.163265306122	0.238095238095	0.443298969072	0.683673469388	0.683673469388	0.214285714286	0.989795918367	0.183673469388	0.163265306122	
0.68	0.989898989899	0.325	0.316455696203	0.636363636364	0.673469387755	1.0	1.0	1.0	0.99	0.322916666667	0.19512195122	0.211267605634	0.197183098592	0.194444444444	0.205479452055	0.281690140845	0.215189873418	0.22972972973	0.153846153846	0.164556962025	0.197368421053	0.13	0.22	0.24	0.2	0.19	0.2	0.19	0.190476190476	0.505154639175	0.989898989899	0.99	0.21	0.683673469388	0.21	0.112244897959	
0.686868686869	0.979797979798	0.3125	0.329113924051	0.636363636364	0.673469387755	1.0	1.0	1.0	1.0	0.322916666667	0.19512195122	0.211267605634	0.211267605634	0.208333333333	0.205479452055	0.267605633803	0.215189873418	0.22972972973	0.192307692308	0.20253164557	0.223684210526	0.121212121212	0.222222222222	0.242424242424	0.191919191919	0.181818181818	0.20202020202	0.191919191919	0.190476190476	0.505154639175	0.989898989899	0.989898989899	0.212121212121	0.683673469388	0.212121212121	0.102040816327	
0.683673469388	0.989795918367	0.3125	0.329113924051	0.642857142857	0.663265306122	1.0	1.0	1.0	1.0	0.322916666667	0.207317073171	0.197183098592	0.211267605634	0.208333333333	0.205479452055	0.267605633803	0.215189873418	0.216216216216	0.205128205128	0.20253164557	0.223684210526	0.112244897959	0.224489795918	0.244897959184	0.183673469388	0.19387755102	0.204081632653	0.204081632653	0.190476190476	0.505154639175	0.989795918367	0.989795918367	0.214285714286	0.673469387755	0.204081632653	0.112244897959	
0.68	0.979797979798	0.3125	0.329113924051	0.636363636364	0.673469387755	0.99	1.0	1.0	1.0	0.322916666667	0.19512195122	0.197183098592	0.225352112676	0.222222222222	0.219178082192	0.267605633803	0.20253164557	0.22972972973	0.217948717949	0.189873417722	0.223684210526	0.11	0.22	0.24	0.18	0.2	0.2	0.2	0.190476190476	0.515463917526	0.989898989899	0.98	0.21	0.683673469388	0.2	0.112244897959	
0.364583333333	0.322916666667	0.275	0.278481012658	0.375	0.34375	0.322916666667	0.322916666667	0.322916666667	0.322916666667	1.0	0.182926829268	0.197183098592	0.12676056338	0.111111111111	0.109589041096	0.267605633803	0.227848101266	0.216216216216	0.179487179487	0.177215189873	0.157894736842	0.197916666667	0.229166666667	0.208333333333	0.260416666667	0.270833333333	0.291666666667	0.229166666667	0.214285714286	0.302083333333	0.322916666667	0.322916666667	0.208333333333	0.34375	0.25	0.1875	
0.207317073171	0.207317073171	0.225	0.240506329114	0.207317073171	0.19512195122	0.19512195122	0.19512195122	0.207317073171	0.19512195122	0.182926829268	1.0	1.0	0.43661971831	0.430555555556	0.424657534247	0.619718309859	0.303797468354	0.324324324324	0.294871794872	0.291139240506	0.315789473684	0.146341463415	0.30487804878	0.280487804878	0.243902439024	0.207317073171	0.329268292683	0.280487804878	0.19512195122	0.207317073171	0.19512195122	0.19512195122	0.243902439024	0.19512195122	0.280487804878	0.158536585366	
0.253521126761	0.197183098592	0.211267605634	0.211267605634	0.197183098592	0.239436619718	0.211267605634	0.211267605634	0.197183098592	0.197183098592	0.197183098592	1.0	1.0	0.408450704225	0.408450704225	0.408450704225	0.619718309859	0.30985915493	0.30985915493	0.30985915493	0.30985915493	0.30985915493	0.140845070423	0.323943661972	0.281690140845	0.253521126761	0.197183098592	0.323943661972	0.295774647887	0.197183098592	0.197183098592	0.211267605634	0.211267605634	0.253521126761	0.239436619718	0.323943661972	0.12676056338	
0.211267605634	0.197183098592	0.281690140845	0.267605633803	0.225352112676	0.225352112676	0.197183098592	0.211267605634	0.211267605634	0.225352112676	0.12676056338	0.43661971831	0.408450704225	1.0	1.0	1.0	0.380281690141	0.338028169014	0.352112676056	0.338028169014	0.338028169014	0.338028169014	0.239436619718	0.225352112676	0.281690140845	0.239436619718	0.239436619718	0.352112676056	0.281690140845	0.169014084507	0.267605633803	0.211267605634	0.197183098592	0.281690140845	0.225352112676	0.225352112676	0.211267605634	
0.208333333333	0.194444444444	0.277777777778	0.25	0.222222222222	0.222222222222	0.194444444444	0.208333333333	0.208333333333	0.222222222222	0.111111111111	0.430555555556	0.408450704225	1.0	1.0	1.0	0.380281690141	0.333333333333	0.347222222222	0.333333333333	0.333333333333	0.333333333333	0.236111111111	0.222222222222	0.277777777778	0.236111111111	0.236111111111	0.361111111111	0.277777777778	0.180555555556	0.263888888889	0.208333333333	0.194444444444	0.305555555556	0.222222222222	0.194444444444	0.208333333333	
0.219178082192	0.205479452055	0.27397260274	0.246575342466	0.205479452055	0.219178082192	0.205479452055	0.205479452055	0.205479452055	0.219178082192	0.109589041096	0.424657534247	0.408450704225	1.0	1.0	1.0	0.380281690141	0.342465753425	0.328767123288	0.315068493151	0.315068493151	0.315068493151	0.232876712329	0.246575342466	0.27397260274	0.246575342466	0.246575342466	0.342465753425	0.27397260274	0.178082191781	0.246575342466	0.205479452055	0.205479452055	0.287671232877	0.219178082192	0.219178082192	0.205479452055	
0.211267605634	0.281690140845	0.197183098592	0.197183098592	0.197183098592	0.211267605634	0.281690140845	0.267605633803	0.267605633803	0.267605633803	0.267605633803	0.619718309859	0.619718309859	0.380281690141	0.380281690141	0.380281690141	1.0	0.352112676056	0.366197183099	0.380281690141	0.380281690141	0.366197183099	0.225352112676	0.253521126761	0.267605633803	0.253521126761	0.154929577465	0.211267605634	0.295774647887	0.169014084507	0.239436619718	0.267605633803	0.281690140845	0.281690140845	0.211267605634	0.253521126761	0.211267605634	
0.189873417722	0.215189873418	0.177215189873	0.151898734177	0.227848101266	0.189873417722	0.215189873418	0.215189873418	0.215189873418	0.20253164557	0.227848101266	0.303797468354	0.30985915493	0.338028169014	0.333333333333	0.342465753425	0.352112676056	1.0	1.0	0.564102564103	0.544303797468	0.552631578947	0.227848101266	0.240506329114	0.253164556962	0.329113924051	0.240506329114	0.379746835443	0.253164556962	0.215189873418	0.189873417722	0.215189873418	0.215189873418	0.303797468354	0.189873417722	0.240506329114	0.189873417722	
0.189189189189	0.216216216216	0.202702702703	0.162162162162	0.175675675676	0.202702702703	0.22972972973	0.22972972973	0.216216216216	0.22972972973	0.216216216216	0.324324324324	0.30985915493	0.352112676056	0.347222222222	0.328767123288	0.366197183099	1.0	1.0	0.594594594595	0.594594594595	0.594594594595	0.202702702703	0.22972972973	0.27027027027	0.337837837838	0.27027027027	0.391891891892	0.283783783784	0.216216216216	0.202702702703	0.22972972973	0.22972972973	0.283783783784	0.202702702703	0.216216216216	0.162162162162	
0.192307692308	0.166666666667	0.179487179487	0.217948717949	0.205128205128	0.192307692308	0.153846153846	0.192307692308	0.205128205128	0.217948717949	0.179487179487	0.294871794872	0.30985915493	0.338028169014	0.333333333333	0.315068493151	0.380281690141	0.564102564103	0.594594594595	1.0	1.0	1.0	0.205128205128	0.230769230769	0.384615384615	0.24358974359	0.217948717949	0.294871794872	0.24358974359	0.205128205128	0.307692307692	0.192307692308	0.153846153846	0.269230769231	0.192307692308	0.205128205128	0.217948717949	
0.189873417722	0.164556962025	0.20253164557	0.215189873418	0.20253164557	0.189873417722	0.164556962025	0.20253164557	0.20253164557	0.189873417722	0.177215189873	0.291139240506	0.30985915493	0.338028169014	0.333333333333	0.315068493151	0.380281690141	0.544303797468	0.594594594595	1.0	1.0	1.0	0.215189873418	0.227848101266	0.379746835443	0.227848101266	0.215189873418	0.291139240506	0.227848101266	0.20253164557	0.278481012658	0.20253164557	0.164556962025	0.26582278481	0.189873417722	0.20253164557	0.20253164557	
0.210526315789	0.184210526316	0.184210526316	0.223684210526	0.210526315789	0.210526315789	0.197368421053	0.223684210526	0.223684210526	0.223684210526	0.157894736842	0.315789473684	0.30985915493	0.338028169014	0.333333333333	0.315068493151	0.366197183099	0.552631578947	0.594594594595	1.0	1.0	1.0	0.223684210526	0.25	0.381578947368	0.25	0.236842105263	0.289473684211	0.25	0.210526315789	0.302631578947	0.184210526316	0.197368421053	0.263157894737	0.210526315789	0.236842105263	0.210526315789	
0.19	0.121212121212	0.1875	0.164556962025	0.151515151515	0.19387755102	0.13	0.121212121212	0.112244897959	0.11	0.197916666667	0.146341463415	0.140845070423	0.239436619718	0.236111111111	0.232876712329	0.225352112676	0.227848101266	0.202702702703	0.205128205128	0.215189873418	0.223684210526	1.0	0.207920792079	0.247524752475	0.178217821782	0.217821782178	0.227722772277	0.217821782178	0.190476190476	0.216494845361	0.121212121212	0.13	0.168316831683	0.19387755102	0.188118811881	1.0	
0.23	0.222222222222	0.15	0.164556962025	0.242424242424	0.224489795918	0.22	0.222222222222	0.224489795918	0.22	0.229166666667	0.30487804878	0.323943661972	0.225352112676	0.222222222222	0.246575342466	0.253521126761	0.240506329114	0.22972972973	0.230769230769	0.227848101266	0.25	0.207920792079	1.0	0.31067961165	0.194174757282	0.21359223301	0.194174757282	0.194174757282	0.22619047619	0.185567010309	0.222222222222	0.22	0.21359223301	0.224489795918	1.0	0.234693877551	
0.27	0.242424242424	0.275	0.26582278481	0.262626262626	0.265306122449	0.24	0.242424242424	0.244897959184	0.24	0.208333333333	0.280487804878	0.281690140845	0.281690140845	0.277777777778	0.27397260274	0.267605633803	0.253164556962	0.27027027027	0.384615384615	0.379746835443	0.381578947368	0.247524752475	0.31067961165	1.0	0.203539823009	0.203539823009	0.203539823009	0.238938053097	0.285714285714	0.19587628866	0.242424242424	0.24	0.238938053097	0.265306122449	0.316831683168	0.255102040816	
0.19	0.20202020202	0.2875	0.291139240506	0.181818181818	0.214285714286	0.2	0.191919191919	0.183673469388	0.18	0.260416666667	0.243902439024	0.253521126761	0.239436619718	0.236111111111	0.246575342466	0.253521126761	0.329113924051	0.337837837838	0.24358974359	0.227848101266	0.25	0.178217821782	0.194174757282	0.203539823009	1.0	0.552	0.192	0.222222222222	0.261904761905	0.278350515464	0.20202020202	0.21	0.3	0.204081632653	0.19801980198	0.173469387755	
0.19	0.222222222222	0.3125	0.291139240506	0.20202020202	0.204081632653	0.19	0.181818181818	0.19387755102	0.2	0.270833333333	0.207317073171	0.197183098592	0.239436619718	0.236111111111	0.246575342466	0.154929577465	0.240506329114	0.27027027027	0.217948717949	0.215189873418	0.236842105263	0.217821782178	0.21359223301	0.203539823009	0.552	1.0	0.206106870229	0.239316239316	0.297619047619	0.288659793814	0.171717171717	0.18	0.258333333333	0.19387755102	0.207920792079	0.224489795918	
0.23	0.20202020202	0.2875	0.341772151899	0.242424242424	0.19387755102	0.2	0.20202020202	0.204081632653	0.2	0.291666666667	0.329268292683	0.323943661972	0.352112676056	0.361111111111	0.342465753425	0.211267605634	0.379746835443	0.391891891892	0.294871794872	0.291139240506	0.289473684211	0.227722772277	0.194174757282	0.203539823009	0.192	0.206106870229	1.0	0.213675213675	0.297619047619	0.20618556701	0.20202020202	0.2	0.383333333333	0.234693877551	0.217821782178	0.204081632653	
0.16	0.20202020202	0.2375	0.240506329114	0.181818181818	0.163265306122	0.19	0.191919191919	0.204081632653	0.2	0.229166666667	0.280487804878	0.295774647887	0.281690140845	0.277777777778	0.27397260274	0.295774647887	0.253164556962	0.283783783784	0.24358974359	0.227848101266	0.25	0.217821782178	0.194174757282	0.238938053097	0.222222222222	0.239316239316	0.213675213675	1.0	0.309523809524	0.237113402062	0.191919191919	0.19	0.17094017094	0.163265306122	0.19801980198	0.214285714286	
0.238095238095	0.190476190476	0.1875	0.177215189873	0.25	0.238095238095	0.190476190476	0.190476190476	0.190476190476	0.190476190476	0.214285714286	0.19512195122	0.197183098592	0.169014084507	0.180555555556	0.178082191781	0.169014084507	0.215189873418	0.216216216216	0.205128205128	0.20253164557	0.210526315789	0.190476190476	0.22619047619	0.285714285714	0.261904761905	0.297619047619	0.297619047619	0.309523809524	1.0	0.25	0.190476190476	0.190476190476	0.202380952381	0.238095238095	0.22619047619	0.202380952381	
0.443298969072	0.505154639175	0.3375	0.341772151899	0.443298969072	0.443298969072	0.505154639175	0.505154639175	0.505154639175	0.515463917526	0.302083333333	0.207317073171	0.197183098592	0.267605633803	0.263888888889	0.246575342466	0.239436619718	0.189873417722	0.202702702703	0.307692307692	0.278481012658	0.302631578947	0.216494845361	0.185567010309	0.19587628866	0.278350515464	0.288659793814	0.20618556701	0.237113402062	0.25	1.0	0.505154639175	0.505154639175	0.247422680412	0.443298969072	0.185567010309	0.216494845361	
0.676767676768	0.989898989899	0.3125	0.329113924051	0.626262626263	0.683673469388	0.989898989899	0.989898989899	0.989795918367	0.989898989899	0.322916666667	0.19512195122	0.211267605634	0.211267605634	0.208333333333	0.205479452055	0.267605633803	0.215189873418	0.22972972973	0.192307692308	0.20253164557	0.184210526316	0.121212121212	0.222222222222	0.242424242424	0.20202020202	0.171717171717	0.20202020202	0.191919191919	0.190476190476	0.505154639175	1.0	1.0	0.191919191919	0.673469387755	0.212121212121	0.102040816327	
0.67	1.0	0.325	0.316455696203	0.626262626263	0.683673469388	0.99	0.989898989899	0.989795918367	0.98	0.322916666667	0.19512195122	0.211267605634	0.197183098592	0.194444444444	0.205479452055	0.281690140845	0.215189873418	0.22972972973	0.153846153846	0.164556962025	0.197368421053	0.13	0.22	0.24	0.21	0.18	0.2	0.19	0.190476190476	0.505154639175	1.0	1.0	0.19	0.673469387755	0.21	0.112244897959	
0.23	0.191919191919	0.3125	0.329113924051	0.222222222222	0.214285714286	0.21	0.212121212121	0.214285714286	0.21	0.208333333333	0.243902439024	0.253521126761	0.281690140845	0.305555555556	0.287671232877	0.281690140845	0.303797468354	0.283783783784	0.269230769231	0.26582278481	0.263157894737	0.168316831683	0.21359223301	0.238938053097	0.3	0.258333333333	0.383333333333	0.17094017094	0.202380952381	0.247422680412	0.191919191919	0.19	1.0	0.234693877551	0.217821782178	0.204081632653	
1.0	0.663265306122	0.3625	0.329113924051	0.877551020408	0.989795918367	0.683673469388	0.683673469388	0.673469387755	0.683673469388	0.34375	0.19512195122	0.239436619718	0.225352112676	0.222222222222	0.219178082192	0.211267605634	0.189873417722	0.202702702703	0.192307692308	0.189873417722	0.210526315789	0.19387755102	0.224489795918	0.265306122449	0.204081632653	0.19387755102	0.234693877551	0.163265306122	0.238095238095	0.443298969072	0.673469387755	0.673469387755	0.234693877551	1.0	0.183673469388	0.132653061224	
0.19	0.20202020202	0.1625	0.177215189873	0.222222222222	0.183673469388	0.21	0.212121212121	0.204081632653	0.2	0.25	0.280487804878	0.323943661972	0.225352112676	0.194444444444	0.219178082192	0.253521126761	0.240506329114	0.216216216216	0.205128205128	0.20253164557	0.236842105263	0.188118811881	1.0	0.316831683168	0.19801980198	0.207920792079	0.217821782178	0.19801980198	0.22619047619	0.185567010309	0.212121212121	0.21	0.217821782178	0.183673469388	1.0	0.214285714286	
0.132653061224	0.122448979592	0.1875	0.164556962025	0.15306122449	0.163265306122	0.112244897959	0.102040816327	0.112244897959	0.112244897959	0.1875	0.158536585366	0.12676056338	0.211267605634	0.208333333333	0.205479452055	0.211267605634	0.189873417722	0.162162162162	0.217948717949	0.20253164557	0.210526315789	1.0	0.234693877551	0.255102040816	0.173469387755	0.224489795918	0.204081632653	0.214285714286	0.202380952381	0.216494845361	0.102040816327	0.112244897959	0.204081632653	0.132653061224	0.214285714286	1.0	
Fold d.74 solved.

d.73	27
1.0	0.992753623188	0.324074074074	0.349593495935	0.357723577236	0.385321100917	0.308943089431	0.308943089431	0.333333333333	0.333333333333	0.333333333333	0.333333333333	0.333333333333	0.333333333333	0.333333333333	0.333333333333	0.341666666667	0.30081300813	0.325203252033	0.375	0.898550724638	0.327868852459	0.338842975207	0.403669724771	0.333333333333	0.340579710145	0.326086956522	
0.992753623188	1.0	0.324074074074	0.357723577236	0.365853658537	0.385321100917	0.317073170732	0.317073170732	0.340579710145	0.333333333333	0.333333333333	0.333333333333	0.333333333333	0.333333333333	0.333333333333	0.333333333333	0.341666666667	0.308943089431	0.333333333333	0.375	0.905797101449	0.33606557377	0.338842975207	0.403669724771	0.333333333333	0.347826086957	0.333333333333	
0.324074074074	0.324074074074	1.0	0.361111111111	0.361111111111	0.398148148148	0.388888888889	0.37962962963	0.472222222222	0.388888888889	0.388888888889	0.388888888889	0.388888888889	0.398148148148	0.388888888889	0.388888888889	0.37962962963	0.351851851852	0.398148148148	0.442307692308	0.324074074074	0.37037037037	0.37962962963	0.398148148148	0.388888888889	0.472222222222	0.472222222222	
0.349593495935	0.357723577236	0.361111111111	1.0	0.943089430894	0.467889908257	0.764227642276	0.756097560976	0.528455284553	0.739837398374	0.739837398374	0.739837398374	0.739837398374	0.739837398374	0.739837398374	0.739837398374	0.758333333333	0.739837398374	0.845528455285	0.509615384615	0.373983739837	0.745901639344	0.752066115702	0.467889908257	0.739837398374	0.528455284553	0.520325203252	
0.357723577236	0.365853658537	0.361111111111	0.943089430894	1.0	0.477064220183	0.747967479675	0.739837398374	0.536585365854	0.715447154472	0.715447154472	0.715447154472	0.715447154472	0.715447154472	0.715447154472	0.715447154472	0.733333333333	0.723577235772	0.821138211382	0.538461538462	0.382113821138	0.72131147541	0.727272727273	0.48623853211	0.715447154472	0.536585365854	0.528455284553	
0.385321100917	0.385321100917	0.398148148148	0.467889908257	0.477064220183	1.0	0.449541284404	0.449541284404	0.495412844037	0.449541284404	0.449541284404	0.449541284404	0.449541284404	0.449541284404	0.449541284404	0.449541284404	0.440366972477	0.43119266055	0.449541284404	0.701923076923	0.385321100917	0.449541284404	0.440366972477	0.963302752294	0.449541284404	0.495412844037	0.504587155963	
0.308943089431	0.317073170732	0.388888888889	0.764227642276	0.747967479675	0.449541284404	1.0	0.991869918699	0.512195121951	0.764227642276	0.764227642276	0.764227642276	0.764227642276	0.764227642276	0.764227642276	0.764227642276	0.783333333333	0.79674796748	0.788617886179	0.490384615385	0.308943089431	0.770491803279	0.776859504132	0.449541284404	0.764227642276	0.512195121951	0.520325203252	
0.308943089431	0.317073170732	0.37962962963	0.756097560976	0.739837398374	0.449541284404	0.991869918699	1.0	0.512195121951	0.756097560976	0.756097560976	0.756097560976	0.756097560976	0.756097560976	0.756097560976	0.756097560976	0.775	0.79674796748	0.780487804878	0.490384615385	0.308943089431	0.762295081967	0.768595041322	0.449541284404	0.756097560976	0.512195121951	0.520325203252	
0.333333333333	0.340579710145	0.472222222222	0.528455284553	0.536585365854	0.495412844037	0.512195121951	0.512195121951	1.0	0.50406504065	0.50406504065	0.50406504065	0.50406504065	0.50406504065	0.50406504065	0.50406504065	0.516666666667	0.520325203252	0.544715447154	0.5	0.333333333333	0.508196721311	0.512396694215	0.495412844037	0.50406504065	0.985714285714	0.985714285714	
0.333333333333	0.333333333333	0.388888888889	0.739837398374	0.715447154472	0.449541284404	0.764227642276	0.756097560976	0.50406504065	1.0	0.991869918699	0.991869918699	1.0	0.991869918699	0.991869918699	0.991869918699	0.991666666667	0.788617886179	0.780487804878	0.461538461538	0.325203252033	1.0	0.98347107438	0.449541284404	0.991869918699	0.50406504065	0.49593495935	
0.333333333333	0.333333333333	0.388888888889	0.739837398374	0.715447154472	0.449541284404	0.764227642276	0.756097560976	0.50406504065	0.991869918699	1.0	0.991869918699	0.991869918699	0.991869918699	0.991869918699	0.991869918699	0.983333333333	0.788617886179	0.780487804878	0.461538461538	0.325203252033	1.0	0.98347107438	0.449541284404	0.991869918699	0.50406504065	0.49593495935	
0.333333333333	0.333333333333	0.388888888889	0.739837398374	0.715447154472	0.449541284404	0.764227642276	0.756097560976	0.50406504065	0.991869918699	0.991869918699	1.0	0.991869918699	0.991869918699	0.991869918699	0.991869918699	0.983333333333	0.788617886179	0.780487804878	0.461538461538	0.325203252033	1.0	0.98347107438	0.449541284404	0.991869918699	0.50406504065	0.49593495935	
0.333333333333	0.333333333333	0.388888888889	0.739837398374	0.715447154472	0.449541284404	0.764227642276	0.756097560976	0.50406504065	1.0	0.991869918699	0.991869918699	1.0	0.991869918699	0.991869918699	0.991869918699	0.991666666667	0.788617886179	0.780487804878	0.461538461538	0.325203252033	1.0	0.98347107438	0.449541284404	0.991869918699	0.50406504065	0.49593495935	
0.333333333333	0.333333333333	0.398148148148	0.739837398374	0.715447154472	0.449541284404	0.764227642276	0.756097560976	0.50406504065	0.991869918699	0.991869918699	0.991869918699	0.991869918699	1.0	0.991869918699	0.991869918699	0.983333333333	0.788617886179	0.780487804878	0.461538461538	0.325203252033	1.0	0.98347107438	0.449541284404	0.991869918699	0.50406504065	0.49593495935	
0.333333333333	0.333333333333	0.388888888889	0.739837398374	0.715447154472	0.449541284404	0.764227642276	0.756097560976	0.50406504065	0.991869918699	0.991869918699	0.991869918699	0.991869918699	0.991869918699	1.0	0.991869918699	0.983333333333	0.788617886179	0.780487804878	0.461538461538	0.325203252033	1.0	0.98347107438	0.449541284404	0.991869918699	0.50406504065	0.49593495935	
0.333333333333	0.333333333333	0.388888888889	0.739837398374	0.715447154472	0.449541284404	0.764227642276	0.756097560976	0.50406504065	0.991869918699	0.991869918699	0.991869918699	0.991869918699	0.991869918699	0.991869918699	1.0	0.983333333333	0.788617886179	0.780487804878	0.461538461538	0.325203252033	1.0	0.98347107438	0.449541284404	0.991869918699	0.50406504065	0.49593495935	
0.341666666667	0.341666666667	0.37962962963	0.758333333333	0.733333333333	0.440366972477	0.783333333333	0.775	0.516666666667	0.991666666667	0.983333333333	0.983333333333	0.991666666667	0.983333333333	0.983333333333	0.983333333333	1.0	0.808333333333	0.8	0.461538461538	0.333333333333	0.983333333333	0.991666666667	0.440366972477	0.983333333333	0.516666666667	0.508333333333	
0.30081300813	0.308943089431	0.351851851852	0.739837398374	0.723577235772	0.43119266055	0.79674796748	0.79674796748	0.520325203252	0.788617886179	0.788617886179	0.788617886179	0.788617886179	0.788617886179	0.788617886179	0.788617886179	0.808333333333	1.0	0.788617886179	0.432692307692	0.30081300813	0.795081967213	0.801652892562	0.43119266055	0.788617886179	0.520325203252	0.512195121951	
0.325203252033	0.333333333333	0.398148148148	0.845528455285	0.821138211382	0.449541284404	0.788617886179	0.780487804878	0.544715447154	0.780487804878	0.780487804878	0.780487804878	0.780487804878	0.780487804878	0.780487804878	0.780487804878	0.8	0.788617886179	1.0	0.471153846154	0.333333333333	0.786885245902	0.793388429752	0.449541284404	0.780487804878	0.544715447154	0.536585365854	
0.375	0.375	0.442307692308	0.509615384615	0.538461538462	0.701923076923	0.490384615385	0.490384615385	0.5	0.461538461538	0.461538461538	0.461538461538	0.461538461538	0.461538461538	0.461538461538	0.461538461538	0.461538461538	0.432692307692	0.471153846154	1.0	0.375	0.461538461538	0.461538461538	0.701923076923	0.461538461538	0.5	0.509615384615	
0.898550724638	0.905797101449	0.324074074074	0.373983739837	0.382113821138	0.385321100917	0.308943089431	0.308943089431	0.333333333333	0.325203252033	0.325203252033	0.325203252033	0.325203252033	0.325203252033	0.325203252033	0.325203252033	0.333333333333	0.30081300813	0.333333333333	0.375	1.0	0.327868852459	0.330578512397	0.394495412844	0.325203252033	0.347826086957	0.326086956522	
0.327868852459	0.33606557377	0.37037037037	0.745901639344	0.72131147541	0.449541284404	0.770491803279	0.762295081967	0.508196721311	1.0	1.0	1.0	1.0	1.0	1.0	1.0	0.983333333333	0.795081967213	0.786885245902	0.461538461538	0.327868852459	1.0	0.98347107438	0.449541284404	1.0	0.508196721311	0.5	
0.338842975207	0.338842975207	0.37962962963	0.752066115702	0.727272727273	0.440366972477	0.776859504132	0.768595041322	0.512396694215	0.98347107438	0.98347107438	0.98347107438	0.98347107438	0.98347107438	0.98347107438	0.98347107438	0.991666666667	0.801652892562	0.793388429752	0.461538461538	0.330578512397	0.98347107438	1.0	0.440366972477	0.98347107438	0.512396694215	0.504132231405	
0.403669724771	0.403669724771	0.398148148148	0.467889908257	0.48623853211	0.963302752294	0.449541284404	0.449541284404	0.495412844037	0.449541284404	0.449541284404	0.449541284404	0.449541284404	0.449541284404	0.449541284404	0.449541284404	0.440366972477	0.43119266055	0.449541284404	0.701923076923	0.394495412844	0.449541284404	0.440366972477	1.0	0.449541284404	0.495412844037	0.504587155963	
0.333333333333	0.333333333333	0.388888888889	0.739837398374	0.715447154472	0.449541284404	0.764227642276	0.756097560976	0.50406504065	0.991869918699	0.991869918699	0.991869918699	0.991869918699	0.991869918699	0.991869918699	0.991869918699	0.983333333333	0.788617886179	0.780487804878	0.461538461538	0.325203252033	1.0	0.98347107438	0.449541284404	1.0	0.50406504065	0.49593495935	
0.340579710145	0.347826086957	0.472222222222	0.528455284553	0.536585365854	0.495412844037	0.512195121951	0.512195121951	0.985714285714	0.50406504065	0.50406504065	0.50406504065	0.50406504065	0.50406504065	0.50406504065	0.50406504065	0.516666666667	0.520325203252	0.544715447154	0.5	0.347826086957	0.508196721311	0.512396694215	0.495412844037	0.50406504065	1.0	0.971428571429	
0.326086956522	0.333333333333	0.472222222222	0.520325203252	0.528455284553	0.504587155963	0.520325203252	0.520325203252	0.985714285714	0.49593495935	0.49593495935	0.49593495935	0.49593495935	0.49593495935	0.49593495935	0.49593495935	0.508333333333	0.512195121951	0.536585365854	0.509615384615	0.326086956522	0.5	0.504132231405	0.504587155963	0.49593495935	0.971428571429	1.0	
Fold d.73 solved.

a.278	7
1.0	0.285714285714	0.283185840708	0.206896551724	0.206896551724	0.254716981132	0.993055555556	
0.285714285714	1.0	1.0	0.232142857143	0.232142857143	0.27358490566	0.258928571429	
0.283185840708	1.0	1.0	0.230088495575	0.230088495575	0.27358490566	0.256637168142	
0.206896551724	0.232142857143	0.230088495575	1.0	1.0	0.207547169811	0.201388888889	
0.206896551724	0.232142857143	0.230088495575	1.0	1.0	0.207547169811	0.201388888889	
0.254716981132	0.27358490566	0.27358490566	0.207547169811	0.207547169811	1.0	0.254716981132	
0.993055555556	0.258928571429	0.256637168142	0.201388888889	0.201388888889	0.254716981132	1.0	
Fold a.278 solved.

a.270	1
1.0	
Fold a.270 solved.

d.78	2
1.0	0.470588235294	
0.470588235294	1.0	
Fold d.78 solved.

a.96	3
1.0	0.992857142857	1.0	
0.992857142857	1.0	0.992753623188	
1.0	0.992753623188	1.0	
Fold a.96 solved.

d.31	15
1.0	0.271844660194	0.212765957447	0.225	0.235294117647	0.211111111111	0.20253164557	0.202127659574	0.194174757282	0.225	0.26582278481	0.265060240964	0.220930232558	0.202127659574	1.0	
0.271844660194	1.0	0.244680851064	0.275	0.258823529412	0.233333333333	0.316455696203	0.244680851064	0.224299065421	0.2125	0.20253164557	0.192771084337	0.244186046512	0.234042553191	0.277227722772	
0.212765957447	0.244680851064	1.0	0.3125	0.305882352941	0.311111111111	0.303797468354	0.297872340426	0.351063829787	0.1875	0.291139240506	0.277108433735	0.302325581395	0.297872340426	0.223404255319	
0.225	0.275	0.3125	1.0	1.0	1.0	1.0	1.0	1.0	0.225	0.73417721519	0.7375	1.0	1.0	0.2	
0.235294117647	0.258823529412	0.305882352941	1.0	1.0	1.0	1.0	1.0	1.0	0.2375	0.73417721519	0.734939759036	1.0	1.0	0.223529411765	
0.211111111111	0.233333333333	0.311111111111	1.0	1.0	1.0	1.0	1.0	1.0	0.225	0.73417721519	0.734939759036	1.0	1.0	0.211111111111	
0.20253164557	0.316455696203	0.303797468354	1.0	1.0	1.0	1.0	1.0	1.0	0.227848101266	0.73417721519	0.73417721519	1.0	1.0	0.20253164557	
0.202127659574	0.244680851064	0.297872340426	1.0	1.0	1.0	1.0	1.0	1.0	0.225	0.73417721519	0.734939759036	1.0	0.989361702128	0.202127659574	
0.194174757282	0.224299065421	0.351063829787	1.0	1.0	1.0	1.0	1.0	1.0	0.2375	0.73417721519	0.734939759036	1.0	0.989361702128	0.188118811881	
0.225	0.2125	0.1875	0.225	0.2375	0.225	0.227848101266	0.225	0.2375	1.0	0.20253164557	0.2	0.225	0.225	0.1625	
0.26582278481	0.20253164557	0.291139240506	0.73417721519	0.73417721519	0.73417721519	0.73417721519	0.73417721519	0.73417721519	0.20253164557	1.0	1.0	0.73417721519	0.73417721519	0.26582278481	
0.265060240964	0.192771084337	0.277108433735	0.7375	0.734939759036	0.734939759036	0.73417721519	0.734939759036	0.734939759036	0.2	1.0	1.0	0.734939759036	0.734939759036	0.253012048193	
0.220930232558	0.244186046512	0.302325581395	1.0	1.0	1.0	1.0	1.0	1.0	0.225	0.73417721519	0.734939759036	1.0	1.0	0.220930232558	
0.202127659574	0.234042553191	0.297872340426	1.0	1.0	1.0	1.0	0.989361702128	0.989361702128	0.225	0.73417721519	0.734939759036	1.0	1.0	0.202127659574	
1.0	0.277227722772	0.223404255319	0.2	0.223529411765	0.211111111111	0.20253164557	0.202127659574	0.188118811881	0.1625	0.26582278481	0.253012048193	0.220930232558	0.202127659574	1.0	
Fold d.31 solved.
